desc: I1 cache:         32768 B, 64 B, 8-way associative
desc: D1 cache:         32768 B, 64 B, 8-way associative
desc: LL cache:         8388608 B, 64 B, 16-way associative
cmd: ./stl8.out
events: Ir I1mr ILmr Dr D1mr DLmr Dw D1mw DLmw 
fl=/build/eglibc-oGUzwX/eglibc-2.19/csu/../csu/init-first.c
fn=_init
52 8 1 1 0 0 0 4 0 0
58 4 1 1 1 1 0 1 1 1
65 5 1 1 4 2 0 0 0 0
70 1 0 0 0 0 0 1 1 1
71 1 0 0 0 0 0 1 0 0
72 2 0 0 1 1 0 1 1 1
86 4 0 0 0 0 0 1 0 0
94 1 0 0 0 0 0 1 0 0
99 6 0 0 5 0 0 0 0 0
fl=/build/eglibc-oGUzwX/eglibc-2.19/csu/../sysdeps/generic/dl-hash.h
fn=_init
43 1 0 0 0 0 0 0 0 0
44 1 0 0 0 0 0 0 0 0
45 13 0 0 4 1 0 0 0 0
48 12 0 0 0 0 0 0 0 0
49 8 0 0 0 0 0 0 0 0
62 8 0 0 0 0 0 0 0 0
67 1 1 1 0 0 0 0 0 0
fl=/build/eglibc-oGUzwX/eglibc-2.19/csu/../sysdeps/unix/sysv/linux/x86_64/init-first.c
fn=_init
38 7 1 1 0 0 0 4 0 0
40 4 0 0 0 0 0 1 0 0
41 2 0 0 0 0 0 0 0 0
42 2 1 1 0 0 0 0 0 0
43 2 1 1 1 0 0 0 0 0
44 1 0 0 0 0 0 1 1 0
46 3 0 0 0 0 0 1 0 0
50 3 0 0 0 0 0 0 0 0
51 2 0 0 1 0 0 0 0 0
52 1 0 0 0 0 0 1 0 0
fl=/build/eglibc-oGUzwX/eglibc-2.19/csu/../sysdeps/x86_64/multiarch/init-arch.c
fn=__get_cpu_features
200 42 0 0 14 0 0 0 0 0
204 28 0 0 14 0 0 0 0 0
fn=__init_cpu_features
31 7 1 1 0 0 0 4 0 0
37 3 0 0 0 0 0 0 0 0
38 3 0 0 0 0 0 0 0 0
39 2 0 0 0 0 0 0 0 0
45 1 0 0 0 0 0 1 0 0
54 3 1 1 0 0 0 1 0 0
57 6 0 0 0 0 0 0 0 0
59 3 0 0 0 0 0 0 0 0
65 3 0 0 0 0 0 0 0 0
66 2 1 1 0 0 0 0 0 0
71 2 0 0 0 0 0 0 0 0
74 12 1 1 0 0 0 0 0 0
101 2 1 1 0 0 0 0 0 0
123 1 0 0 1 1 1 0 0 0
127 1 1 1 0 0 0 0 0 0
152 2 1 1 1 0 0 0 0 0
153 7 0 0 0 0 0 4 0 0
160 3 0 0 1 0 0 0 0 0
164 2 0 0 0 0 0 0 0 0
166 3 1 1 0 0 0 0 0 0
170 2 1 1 0 0 0 0 0 0
171 1 0 0 1 0 0 0 0 0
173 2 0 0 0 0 0 0 0 0
176 2 0 0 1 0 0 0 0 0
184 6 1 1 0 0 0 0 0 0
185 5 0 0 0 0 0 0 0 0
186 2 0 0 0 0 0 0 0 0
189 1 0 0 0 0 0 1 0 0
190 1 0 0 0 0 0 1 0 0
192 1 0 0 0 0 0 1 0 0
193 2 0 0 2 0 0 0 0 0
fl=/build/eglibc-oGUzwX/eglibc-2.19/csu/libc-start.c
fn=(below main)
133 10 1 1 0 0 0 8 0 0
137 7 2 2 1 0 0 1 0 0
219 2 0 0 0 0 0 0 0 0
220 4 0 0 0 0 0 1 0 0
242 6 0 0 2 0 0 0 0 0
245 2 0 0 0 0 0 0 0 0
246 5 1 1 4 0 0 1 0 0
250 4 0 0 2 2 0 0 0 0
265 2 0 0 0 0 0 0 0 0
274 2 0 0 0 0 0 1 0 0
275 2 1 1 0 0 0 0 0 0
280 2 0 0 1 1 0 1 0 0
281 2 0 0 1 1 0 1 0 0
284 2 0 0 0 0 0 1 0 0
287 6 0 0 5 2 0 1 0 0
fl=/build/eglibc-oGUzwX/eglibc-2.19/ctype/ctype-info.c
fn=__ctype_init
31 7 2 2 5 3 0 1 0 0
33 4 0 0 2 1 0 1 0 0
35 5 1 1 3 0 0 1 0 0
fl=/build/eglibc-oGUzwX/eglibc-2.19/elf/../elf/dl-runtime.c
fn=_dl_fixup
66 370 2 2 0 0 0 222 0 0
68 74 0 0 74 0 0 0 0 0
69 148 0 0 148 4 2 0 0 0
72 370 0 0 148 13 2 0 0 0
73 518 0 0 148 70 2 74 1 0
74 222 1 1 148 9 2 0 0 0
79 148 0 0 0 0 0 0 0 0
83 148 0 0 74 74 46 0 0 0
87 222 0 0 74 6 1 0 0 0
91 148 0 0 148 61 2 0 0 0
92 296 1 1 74 2 1 0 0 0
94 296 0 0 74 13 1 0 0 0
100 74 0 0 0 0 0 0 0 0
101 222 0 0 74 2 1 0 0 0
108 148 0 0 74 4 1 74 0 0
111 740 1 1 148 6 1 222 1 1
115 222 0 0 74 0 0 0 0 0
119 296 1 1 74 0 0 74 0 0
125 444 0 0 148 1 1 0 0 0
133 74 0 0 74 0 0 0 0 0
141 296 0 0 74 0 0 0 0 0
145 222 0 0 74 2 1 0 0 0
149 370 0 0 296 0 0 0 0 0
fl=/build/eglibc-oGUzwX/eglibc-2.19/elf/../elf/dl-sysdep.c
fn=_dl_sysdep_start
86 8 1 1 0 0 0 7 1 1
87 2 0 0 0 0 0 0 0 0
88 1 0 0 0 0 0 0 0 0
110 1 0 0 0 0 0 1 0 0
111 204 1 1 66 8 8 4 3 3
114 2 0 0 0 0 0 1 0 0
115 1 0 0 0 0 0 1 1 1
117 90 4 4 23 5 5 10 0 0
118 111 0 0 21 3 3 0 0 0
121 1 0 0 1 0 0 0 0 0
122 1 0 0 0 0 0 0 0 0
124 1 0 0 1 0 0 0 0 0
125 1 0 0 0 0 0 0 0 0
127 1 1 1 1 0 0 0 0 0
128 1 0 0 0 0 0 0 0 0
130 1 0 0 1 0 0 0 0 0
131 1 0 0 0 0 0 0 0 0
151 1 1 1 1 0 0 0 0 0
152 1 0 0 0 0 0 0 0 0
154 1 0 0 1 0 0 0 0 0
155 1 0 0 0 0 0 0 0 0
157 1 1 1 1 0 0 0 0 0
158 1 0 0 0 0 0 0 0 0
163 1 0 0 1 0 0 0 0 0
164 1 0 0 0 0 0 0 0 0
179 1 0 0 1 0 0 0 0 0
180 1 0 0 0 0 0 0 0 0
232 3 1 1 0 0 0 2 0 0
234 5 0 0 0 0 0 1 0 0
246 3 1 1 1 0 0 0 0 0
249 6 0 0 2 0 0 1 0 0
250 1 1 0 1 0 0 0 0 0
251 8 0 0 7 1 0 0 0 0
fn=_dl_sysdep_start_cleanup
256 1 1 1 1 0 0 0 0 0
fl=/build/eglibc-oGUzwX/eglibc-2.19/elf/../misc/sbrk.c
fn=sbrk
34 4 1 1 0 0 0 2 1 1
42 6 0 0 2 0 0 0 0 0
46 2 1 1 0 0 0 0 0 0
57 5 0 0 3 0 0 0 0 0
fl=/build/eglibc-oGUzwX/eglibc-2.19/elf/../sysdeps/unix/sysv/linux/dl-osinfo.h
fn=security_init
61 2 0 0 0 0 0 0 0 0
84 2 1 1 1 1 0 1 0 0
86 1 1 1 1 0 0 0 0 0
93 1 0 0 1 0 0 0 0 0
101 2 0 0 0 0 0 0 0 0
112 1 0 0 1 0 0 0 0 0
fl=/build/eglibc-oGUzwX/eglibc-2.19/elf/../sysdeps/unix/sysv/linux/dl-sysdep.c
fn=_dl_discover_osversion
45 7 1 1 0 0 0 6 0 0
47 3 0 0 1 0 0 0 0 0
87 5 1 1 0 0 0 1 1 1
102 1 0 0 0 0 0 0 0 0
106 1 0 0 0 0 0 0 0 0
107 1 0 0 0 0 0 0 0 0
109 12 1 1 3 2 2 0 0 0
111 6 0 0 0 0 0 0 0 0
113 12 0 0 3 0 0 0 0 0
119 3 0 0 0 0 0 0 0 0
120 3 0 0 0 0 0 0 0 0
121 3 0 0 0 0 0 0 0 0
123 13 1 1 0 0 0 0 0 0
128 2 0 0 0 0 0 0 0 0
132 8 0 0 7 0 0 0 0 0
fn=_dl_sysdep_start
35 2 0 0 0 0 0 1 0 0
fl=/build/eglibc-oGUzwX/eglibc-2.19/elf/../sysdeps/unix/sysv/linux/dl-vdso.c
fn=_dl_vdso_vsym
26 5 0 0 0 0 0 0 0 0
27 10 1 1 10 3 0 0 0 0
28 10 1 1 5 0 0 0 0 0
31 10 0 0 0 0 0 0 0 0
fl=/build/eglibc-oGUzwX/eglibc-2.19/elf/../sysdeps/unix/sysv/linux/x86_64/brk.c
fn=brk
28 1 0 0 0 0 0 0 0 0
31 7 1 1 0 0 0 1 1 1
33 2 0 0 0 0 0 0 0 0
39 1 0 0 0 0 0 0 0 0
40 1 0 0 1 0 0 0 0 0
fl=/build/eglibc-oGUzwX/eglibc-2.19/elf/../sysdeps/x86_64/dl-irel.h
fn=_dl_fixup
32 6 1 1 0 0 0 2 0 0
fl=/build/eglibc-oGUzwX/eglibc-2.19/elf/../sysdeps/x86_64/dl-machine.h
fn=_dl_fixup
210 74 1 1 0 0 0 74 0 0
fn=_dl_relocate_object
71 32 0 0 8 0 0 0 0 0
77 14 1 1 14 6 0 0 0 0
81 21 1 1 7 7 6 0 0 0
87 7 0 0 0 0 0 7 0 0
95 21 0 0 7 0 0 0 0 0
108 14 0 0 0 0 0 7 0 0
111 28 1 1 7 7 1 0 0 0
244 4494 0 0 0 0 0 0 0 0
265 4494 1 1 0 0 0 0 0 0
269 4494 0 0 0 0 0 0 0 0
276 84660 11 11 17123 1230 929 10921 4 0
278 11157 1 1 4452 5 1 0 0 0
281 8904 0 0 2226 0 0 0 0 0
287 15729 0 0 2247 7 3 0 0 0
320 10 1 1 0 0 0 0 0 0
321 15 0 0 5 2 0 5 2 1
328 9 0 0 3 0 0 0 0 0
330 6 0 0 6 1 1 0 0 0
339 6 0 0 0 0 0 3 1 0
382 39 1 1 13 0 0 0 0 0
386 65 1 1 13 1 0 0 0 0
391 65 0 0 26 2 2 13 9 9
410 6675 1 1 2225 277 276 2225 658 334
422 42 0 0 0 0 0 14 0 0
449 3 1 1 1 0 0 0 0 0
453 6 0 0 3 0 0 1 0 0
455 3 0 0 2 0 0 0 0 0
456 1 0 0 0 0 0 0 0 0
487 5217 0 0 1739 438 435 0 0 0
492 3478 0 0 0 0 0 0 0 0
493 5217 0 0 1739 217 217 1739 379 371
503 1663 0 0 841 0 0 0 0 0
507 1644 0 0 0 0 0 0 0 0
509 2466 0 0 822 0 0 0 0 0
510 822 0 0 822 103 101 0 0 0
527 38 0 0 38 1 1 0 0 0
529 19 0 0 0 0 0 19 0 0
530 19 0 0 0 0 0 19 0 0
fn=_dl_start
58 3 0 0 1 1 1 0 0 0
241 9 1 1 0 0 0 0 0 0
269 18 0 0 0 0 0 0 0 0
278 36 0 0 18 2 2 0 0 0
281 36 0 0 9 5 5 0 0 0
287 55 0 0 9 2 2 0 0 0
391 9 1 1 9 1 1 0 0 0
400 9 0 0 0 0 0 9 2 2
492 20 0 0 10 1 1 0 0 0
493 30 0 0 10 1 1 10 2 2
fn=_dl_sysdep_start
200 5 0 0 2 1 1 0 0 0
fl=/build/eglibc-oGUzwX/eglibc-2.19/elf/../sysdeps/x86_64/dl-trampoline.S
fn=_dl_runtime_resolve
34 74 1 1 0 0 0 0 0 0
36 74 0 0 0 0 0 74 0 0
37 74 0 0 0 0 0 74 0 0
38 74 0 0 0 0 0 74 0 0
39 74 0 0 0 0 0 74 0 0
40 74 0 0 0 0 0 74 0 0
41 74 1 1 0 0 0 74 0 0
42 74 0 0 0 0 0 74 0 0
43 74 0 0 74 0 0 0 0 0
44 74 0 0 74 0 0 0 0 0
45 74 0 0 0 0 0 74 1 1
46 74 0 0 0 0 0 0 0 0
47 74 0 0 74 0 0 0 0 0
48 74 0 0 74 0 0 0 0 0
49 74 0 0 74 0 0 0 0 0
50 74 0 0 74 0 0 0 0 0
51 74 0 0 74 0 0 0 0 0
52 74 0 0 74 0 0 0 0 0
53 74 0 0 74 0 0 0 0 0
54 74 0 0 0 0 0 0 0 0
56 74 1 1 0 0 0 0 0 0
fl=/build/eglibc-oGUzwX/eglibc-2.19/elf/dl-addr.c
fn=_dl_addr
30 2 0 0 1 0 0 1 0 0
31 2 0 0 1 0 0 1 0 0
34 2 0 0 1 0 0 0 0 0
38 1 0 0 1 0 0 0 0 0
39 1 0 0 1 0 0 0 0 0
40 3 1 1 2 0 0 1 0 0
42 2 0 0 2 0 0 0 0 0
45 2 0 0 1 1 0 0 0 0
50 2029 0 0 2 0 0 0 0 0
52 1011 1 1 1011 62 12 0 0 0
53 2022 0 0 0 0 0 0 0 0
55 4930 0 0 905 0 0 0 0 0
61 11075 0 0 2215 475 422 0 0 0
63 8860 1 1 2215 0 0 0 0 0
64 16270 0 0 5089 354 312 0 0 0
69 2215 0 0 0 0 0 0 0 0
71 7656 1 1 2215 136 72 0 0 0
99 3 0 0 1 1 0 0 0 0
100 1 0 0 0 0 0 1 1 0
101 3 1 1 1 0 0 0 0 0
104 2 0 0 0 0 0 0 0 0
116 1 1 1 0 0 0 1 0 0
117 1 0 0 0 0 0 1 0 0
126 11 1 1 0 0 0 8 0 0
131 3 1 1 2 2 0 1 0 0
133 2 0 0 0 0 0 1 0 0
135 2 0 0 0 0 0 0 0 0
138 2 1 1 0 0 0 0 0 0
141 3 0 0 2 2 0 1 0 0
144 9 1 1 7 1 0 0 0 0
fl=/build/eglibc-oGUzwX/eglibc-2.19/elf/dl-altinit.c
fn=dlinit_alt
33 3 0 0 2 0 0 0 0 0
34 1 0 0 1 0 0 0 0 0
fl=/build/eglibc-oGUzwX/eglibc-2.19/elf/dl-cache.c
fn=_dl_cache_libcmp
138 132 1 1 88 32 32 0 0 0
139 506 0 0 0 0 0 0 0 0
141 741 0 0 0 0 0 0 0 0
143 259 0 0 0 0 0 0 0 0
149 18 1 1 0 0 0 0 0 0
150 12 0 0 0 0 0 0 0 0
151 24 0 0 6 0 0 0 0 0
153 30 1 1 6 0 0 0 0 0
155 12 0 0 0 0 0 0 0 0
161 482 1 1 0 0 0 0 0 0
163 888 0 0 406 3 3 0 0 0
164 38 0 0 0 0 0 0 0 0
167 203 0 0 0 0 0 0 0 0
168 203 0 0 0 0 0 0 0 0
171 12 0 0 0 0 0 0 0 0
172 88 0 0 44 0 0 0 0 0
fn=_dl_load_cache_lookup
182 40 1 1 0 0 0 30 0 0
190 10 0 0 5 0 0 0 0 0
193 15 0 0 5 0 0 0 0 0
196 5 1 1 0 0 0 1 0 0
204 5 0 0 1 0 0 0 0 0
205 6 1 1 0 0 0 1 0 0
209 1 0 0 0 0 0 1 0 0
212 4 0 0 1 0 0 0 0 0
215 2 0 0 0 0 0 1 0 0
216 3 0 0 0 0 0 0 0 0
217 5 1 1 0 0 0 1 0 0
219 2 0 0 0 0 0 0 0 0
238 16 0 0 4 0 0 0 0 0
244 15 1 1 5 0 0 0 0 0
253 25 0 0 10 0 0 5 0 0
259 20 0 0 0 0 0 10 0 0
263 35 1 1 10 0 0 10 0 0
264 30 0 0 15 0 0 0 0 0
278 1029 9 9 138 29 29 49 0 0
294 10 1 1 5 0 0 0 0 0
299 45 0 0 35 0 0 0 0 0
fn=_dl_unload_cache
308 1 0 0 0 0 0 0 0 0
309 4 1 1 1 1 0 0 0 0
311 2 0 0 1 1 0 1 0 0
312 1 0 0 0 0 0 1 0 0
314 2 0 0 1 0 0 0 0 0
fl=/build/eglibc-oGUzwX/eglibc-2.19/elf/dl-debug.c
fn=_dl_debug_initialize
50 16 1 1 0 0 0 0 0 0
51 8 1 1 8 0 0 0 0 0
55 30 0 0 8 1 0 0 0 0
58 1 0 0 0 0 0 1 0 0
59 2 0 0 0 0 0 1 0 0
60 6 0 0 2 0 0 1 0 0
61 2 0 0 0 0 0 1 0 0
fn=_dl_debug_state
74 2 0 0 2 0 0 0 0 0
fl=/build/eglibc-oGUzwX/eglibc-2.19/elf/dl-deps.c
fn=_dl_map_object_deps
147 11 2 2 0 0 0 9 0 0
148 9 0 0 0 0 0 1 0 0
160 6 0 0 0 0 0 2 0 0
161 2 1 1 0 0 0 2 0 0
162 10 0 0 0 0 0 3 0 0
164 1 0 0 0 0 0 0 0 0
168 8 1 1 2 0 0 2 0 0
178 8 0 0 1 0 0 0 0 0
179 1 0 0 1 0 0 0 0 0
182 3 0 0 0 0 0 2 0 0
188 1 0 0 0 0 0 1 0 0
189 1 0 0 0 0 0 1 0 0
201 2 1 1 1 0 0 1 0 0
202 1 0 0 0 0 0 0 0 0
203 1 0 0 0 0 0 1 0 0
204 2 1 1 0 0 0 2 0 0
209 8 0 0 0 0 0 0 0 0
210 8 0 0 0 0 0 0 0 0
213 8 1 1 0 0 0 8 0 0
217 32 1 1 16 1 0 0 0 0
218 37 1 1 15 0 0 0 0 0
220 6 0 0 0 0 0 0 0 0
222 18 0 0 12 0 0 0 0 0
224 39 1 1 3 0 0 6 0 0
229 24 0 0 12 0 0 0 0 0
231 18 0 0 12 0 0 6 0 0
236 6 0 0 0 0 0 6 0 0
237 6 0 0 0 0 0 6 0 0
238 12 0 0 6 0 0 6 0 0
239 12 0 0 6 0 0 6 0 0
242 694 1 1 181 3 0 6 0 0
243 326 1 1 0 0 0 0 0 0
249 84 0 0 24 0 0 12 0 0
251 12 0 0 0 0 0 12 0 0
254 72 1 1 48 0 0 12 0 0
256 36 0 0 12 0 0 0 0 0
271 12 0 0 12 0 0 0 0 0
273 24 0 0 12 0 0 0 0 0
278 18 1 1 0 0 0 0 0 0
281 6 0 0 0 0 0 6 0 0
282 6 0 0 0 0 0 6 0 0
283 6 0 0 0 0 0 6 0 0
284 12 0 0 6 0 0 6 0 0
286 24 1 1 6 0 0 6 0 0
288 30 0 0 6 0 0 12 0 0
292 24 0 0 0 0 0 0 0 0
293 27 0 0 0 0 0 9 0 0
295 453 2 2 0 0 0 0 0 0
343 9 0 0 0 0 0 4 0 0
471 16 0 0 0 0 0 0 0 0
473 18 0 0 0 0 0 6 1 0
475 12 0 0 0 0 0 6 0 0
476 12 1 1 0 0 0 0 0 0
477 12 0 0 0 0 0 0 0 0
480 6 0 0 0 0 0 6 0 0
481 36 0 0 0 0 0 6 0 0
482 30 0 0 0 0 0 6 0 0
485 6 0 0 0 0 0 6 0 0
486 6 0 0 6 0 0 0 0 0
490 32 1 1 16 0 0 0 0 0
492 8 1 1 8 0 0 0 0 0
493 37 0 0 7 0 0 0 0 0
497 6 0 0 2 0 0 0 0 0
498 2 0 0 1 0 0 1 0 0
501 5 1 1 2 1 0 1 0 0
511 2 1 1 0 0 0 1 0 0
512 3 0 0 1 0 0 0 0 0
514 2 0 0 0 0 0 0 0 0
519 7 0 0 2 0 0 1 0 0
520 4 0 0 1 0 0 1 0 0
522 43 1 1 17 0 0 1 0 0
528 24 0 0 8 0 0 8 2 2
532 16 0 0 16 0 0 0 0 0
535 2 0 0 1 0 0 0 0 0
586 6 1 1 3 0 0 1 0 0
587 1 1 1 0 0 0 1 0 0
588 3 0 0 1 0 0 0 0 0
623 7 1 1 1 0 0 2 0 0
625 3 0 0 0 0 0 0 0 0
629 34 1 1 18 0 0 3 0 0
630 8 2 2 0 0 0 2 0 0
631 3 0 0 1 0 0 1 0 0
635 9 0 0 9 0 0 0 0 0
636 18 0 0 9 0 0 0 0 0
642 77 0 0 9 0 0 0 0 0
644 92 0 0 46 0 0 0 0 0
645 52 0 0 0 0 0 0 0 0
647 162 1 1 54 0 0 0 0 0
648 117 0 0 0 0 0 0 0 0
652 20 1 1 0 0 0 10 0 0
654 2 0 0 0 0 0 2 0 0
656 20 1 1 14 0 0 0 0 0
658 2 1 1 2 0 0 0 0 0
662 2 1 1 2 0 0 0 0 0
663 14 1 1 4 0 0 4 0 0
665 2 0 0 0 0 0 2 0 0
667 4 0 0 2 0 0 0 0 0
670 21 0 0 0 0 0 0 0 0
673 21 0 0 7 0 0 0 0 0
676 99 0 0 25 0 0 25 0 0
683 2 0 0 1 0 0 1 0 0
685 2 0 0 1 0 0 1 0 0
686 1 0 0 1 0 0 0 0 0
687 3 0 0 1 0 0 0 0 0
694 3 0 0 1 0 0 0 0 0
697 2 0 0 0 0 0 0 0 0
700 8 0 0 7 1 0 0 0 0
fn=openaux
60 24 1 1 0 0 0 12 0 0
63 120 0 0 48 0 0 24 0 0
64 24 1 1 12 0 0 0 0 0
67 12 0 0 12 0 0 0 0 0
68 24 0 0 24 0 0 0 0 0
fl=/build/eglibc-oGUzwX/eglibc-2.19/elf/dl-environ.c
fn=_dl_next_ld_env_entry
30 3 1 1 3 0 0 0 0 0
31 1 0 0 0 0 0 0 0 0
33 197 0 0 65 0 0 0 0 0
35 128 0 0 64 31 31 0 0 0
36 22 1 1 10 0 0 0 0 0
38 2 0 0 0 0 0 0 0 0
41 4 0 0 0 0 0 2 0 0
43 2 0 0 2 0 0 0 0 0
46 62 0 0 0 0 0 0 0 0
50 1 0 0 1 0 0 0 0 0
fl=/build/eglibc-oGUzwX/eglibc-2.19/elf/dl-error.c
fn=_dl_catch_error
163 52 1 1 0 0 0 39 0 0
175 26 0 0 0 0 0 26 3 3
176 26 0 0 0 0 0 26 1 1
177 26 1 1 0 0 0 26 0 0
178 26 0 0 0 0 0 13 0 0
180 26 0 0 13 0 0 26 1 1
181 26 0 0 13 0 0 13 0 0
182 26 0 0 0 0 0 13 0 0
185 78 0 0 0 0 0 13 0 0
187 39 1 1 26 0 0 13 0 0
188 39 0 0 26 0 0 13 0 0
189 26 0 0 13 0 0 13 0 0
190 26 0 0 13 0 0 13 0 0
191 26 0 0 13 0 0 13 0 0
199 52 0 0 26 0 0 0 0 0
fn=_dl_receive_error
205 10 1 1 0 0 0 6 0 0
206 2 0 0 1 0 0 1 0 0
210 1 0 0 1 0 0 0 0 0
211 1 0 0 1 0 0 0 0 0
214 1 0 0 0 0 0 1 0 0
215 1 1 1 0 0 0 1 0 0
217 2 0 0 0 0 0 1 0 0
219 1 0 0 0 0 0 1 0 0
220 1 0 0 0 0 0 1 0 0
221 8 0 0 7 0 0 0 0 0
fl=/build/eglibc-oGUzwX/eglibc-2.19/elf/dl-hwcaps.c
fn=_dl_important_hwcaps
39 12 2 2 0 0 0 10 1 1
41 1 0 0 1 0 0 0 0 0
42 4 0 0 0 0 0 1 0 0
51 3 0 0 1 0 0 0 0 0
61 4 2 2 1 0 0 1 0 0
92 2 1 1 0 0 0 0 0 0
113 1 1 1 0 0 0 0 0 0
115 5 0 0 0 0 0 1 0 0
130 6 1 1 0 0 0 0 0 0
131 2 0 0 0 0 0 0 0 0
133 2 0 0 0 0 0 0 0 0
145 2 1 1 0 0 0 0 0 0
162 2 1 1 0 0 0 0 0 0
170 2 1 1 1 0 0 0 0 0
172 4 1 1 1 0 0 1 0 0
173 4 0 0 1 0 0 1 0 0
177 3 0 0 0 0 0 1 0 0
178 1 0 0 0 0 0 1 0 0
181 2 0 0 0 0 0 0 0 0
184 2 1 1 0 0 0 0 0 0
188 12 0 0 2 0 0 3 0 0
189 2 0 0 0 0 0 0 0 0
207 12 2 2 1 0 0 6 0 0
208 5 0 0 0 0 0 1 0 0
209 4 0 0 2 0 0 0 0 0
238 3 1 1 0 0 0 2 0 0
241 2 0 0 0 0 0 0 0 0
243 5 2 2 2 0 0 2 0 0
244 7 0 0 2 0 0 4 0 0
269 19 1 1 3 0 0 0 0 0
270 8 1 1 0 0 0 4 0 0
274 12 0 0 0 0 0 0 0 0
277 28 1 1 0 0 0 0 0 0
278 24 0 0 0 0 0 0 0 0
279 12 0 0 8 0 0 0 0 0
281 4 1 1 0 0 0 0 0 0
284 3 0 0 1 0 0 0 0 0
285 1 0 0 0 0 0 0 0 0
286 12 2 2 3 0 0 0 0 0
299 6 0 0 2 0 0 2 0 0
300 2 0 0 0 0 0 0 0 0
302 4 0 0 0 0 0 0 0 0
305 3 0 0 2 0 0 1 0 0
307 1 0 0 0 0 0 0 0 0
308 8 0 0 7 0 0 0 0 0
fl=/build/eglibc-oGUzwX/eglibc-2.19/elf/dl-init.c
fn=_dl_init
36 54 1 1 9 0 0 8 0 0
86 11 1 1 0 0 0 6 0 0
87 1 0 0 1 1 0 0 0 0
88 1 0 0 1 0 0 0 0 0
91 3 0 0 1 0 0 0 0 0
94 2 0 0 0 0 0 1 0 0
98 4 1 1 1 0 0 0 0 0
125 27 0 0 0 0 0 0 0 0
126 24 0 0 16 1 0 0 0 0
132 8 0 0 7 0 0 0 0 0
fn=call_init.part.0
34 72 0 0 0 0 0 40 1 0
42 24 1 1 8 0 0 8 0 0
45 32 0 0 16 4 0 0 0 0
46 3 1 1 0 0 0 0 0 0
50 21 0 0 7 6 0 0 0 0
51 2 0 0 1 1 0 0 0 0
55 12 0 0 6 0 0 0 0 0
63 12 0 0 0 0 0 0 0 0
64 36 1 1 12 6 0 6 0 0
67 6 0 0 6 6 0 0 0 0
68 12 0 0 0 0 0 0 0 0
74 18 0 0 12 5 0 0 0 0
76 12 0 0 12 0 0 0 0 0
77 62 0 0 0 0 0 0 0 0
78 80 1 1 16 5 0 16 0 0
80 48 0 0 48 0 0 0 0 0
fl=/build/eglibc-oGUzwX/eglibc-2.19/elf/dl-load.c
fn=_dl_init_paths
714 9 1 1 0 0 0 6 0 0
727 6 1 1 2 0 0 2 0 0
731 1 0 0 0 0 0 1 0 0
732 3 0 0 0 0 0 1 0 0
733 2 0 0 0 0 0 0 0 0
740 5 0 0 0 0 0 0 0 0
741 5 1 1 1 0 0 2 0 0
744 1 0 0 0 0 0 1 0 0
745 2 0 0 0 0 0 1 0 0
747 3 0 0 1 0 0 0 0 0
753 1 0 0 0 0 0 1 0 0
754 1 0 0 0 0 0 1 0 0
762 13 0 0 0 0 0 3 1 1
764 8 1 1 0 0 0 4 0 0
765 7 0 0 0 0 0 4 3 3
767 8 1 1 0 0 0 4 0 0
768 14 1 1 3 1 1 4 1 1
769 33 0 0 4 0 0 13 0 0
772 9 0 0 3 1 1 0 0 0
776 27 1 1 15 0 0 5 0 0
782 1 0 0 0 0 0 1 1 1
783 1 0 0 0 0 0 1 0 0
787 1 1 1 1 0 0 0 0 0
788 2 0 0 0 0 0 0 0 0
790 4 0 0 1 0 0 0 0 0
792 3 1 1 1 0 0 0 0 0
809 1 0 0 0 0 0 1 0 0
811 3 1 1 1 0 0 0 0 0
825 2 1 1 0 0 0 1 0 0
830 4 1 1 1 0 0 0 0 0
838 5 0 0 0 0 0 1 0 0
840 11 1 1 0 0 0 2 0 0
856 2 0 0 0 0 0 0 0 0
857 46 0 0 15 0 0 0 0 0
859 14 0 0 0 0 0 0 0 0
860 42 0 0 0 0 0 0 0 0
861 14 1 1 0 0 0 0 0 0
864 1 0 0 0 0 0 1 0 0
865 1 0 0 0 0 0 1 0 0
866 2 0 0 0 0 0 0 0 0
872 8 1 1 1 0 0 2 0 0
876 3 0 0 2 0 0 0 0 0
882 1 0 0 0 0 0 1 0 0
886 8 0 0 7 0 0 0 0 0
fn=_dl_map_object
161 20 0 0 0 0 0 10 0 0
162 10 0 0 0 0 0 5 0 0
164 15 1 1 5 0 0 0 0 0
167 20 0 0 5 0 0 5 0 0
691 51 1 1 17 0 0 0 0 0
694 10 0 0 0 0 0 2 0 0
2317 130 1 1 0 0 0 104 2 2
2324 26 0 0 0 0 0 0 0 0
2325 26 0 0 13 1 1 0 0 0
2328 267 1 1 63 0 0 0 0 0
2333 171 0 0 57 0 0 0 0 0
2334 114 0 0 0 0 0 0 0 0
2336 292 1 1 0 0 0 57 0 0
2340 100 0 0 50 0 0 0 0 0
2341 150 1 1 50 0 0 0 0 0
2344 28 0 0 28 0 0 0 0 0
2345 56 0 0 56 0 0 0 0 0
2346 112 0 0 0 0 0 28 0 0
2362 12 0 0 6 0 0 0 0 0
2372 36 1 1 6 0 0 6 0 0
2396 6 0 0 0 0 0 6 1 1
2398 30 0 0 0 0 0 6 0 0
2402 20 1 1 0 0 0 10 0 0
2404 10 0 0 5 0 0 0 0 0
2411 20 1 1 5 0 0 0 0 0
2415 10 1 1 5 0 0 5 0 0
2416 15 0 0 0 0 0 5 0 0
2420 21 0 0 7 0 0 0 0 0
2421 10 0 0 1 0 0 0 0 0
2423 55 1 1 0 0 0 20 0 0
2435 20 2 2 15 0 0 0 0 0
2436 35 2 2 10 0 0 0 0 0
2437 5 0 0 0 0 0 0 0 0
2446 15 0 0 5 0 0 1 0 0
2447 90 1 1 10 0 0 20 0 0
2453 30 1 1 0 0 0 10 0 0
2454 7 0 0 0 0 0 0 0 0
2456 10 1 1 5 0 0 5 0 0
2462 20 0 0 0 0 0 5 0 0
2464 15 0 0 5 0 0 0 0 0
2468 15 0 0 0 0 0 10 0 0
2470 10 1 1 0 0 0 0 0 0
2474 15 0 0 5 0 0 0 0 0
2482 10 0 0 5 0 0 0 0 0
2504 45 1 1 10 0 0 5 0 0
2507 15 0 0 0 0 0 5 0 0
2509 5 0 0 0 0 0 5 0 0
2510 15 0 0 5 0 0 0 0 0
2530 10 2 2 5 0 0 0 0 0
2536 1 0 0 0 0 0 1 0 0
2538 6 1 1 0 0 0 1 0 0
2539 3 0 0 0 0 0 0 0 0
2540 1 0 0 0 0 0 0 0 0
2543 7 0 0 0 0 0 1 0 0
2546 2 0 0 0 0 0 0 0 0
2558 24 1 1 6 0 0 0 0 0
2560 12 0 0 0 0 0 0 0 0
2604 12 1 1 6 0 0 6 0 0
2605 72 0 0 12 0 0 24 0 0
2607 104 0 0 91 0 0 0 0 0
fn=_dl_map_object_from_fd
474 8 1 1 4 0 0 0 0 0
923 90 2 2 0 0 0 60 2 2
934 24 0 0 6 0 0 12 1 1
935 6 0 0 0 0 0 6 0 0
938 36 0 0 0 0 0 6 0 0
949 123 1 1 39 0 0 0 0 0
950 126 1 1 66 1 1 0 0 0
967 12 1 1 6 0 0 0 0 0
992 12 1 1 6 0 0 0 0 0
1002 12 0 0 6 0 0 0 0 0
1024 24 0 0 12 0 0 0 0 0
1056 12 0 0 0 0 0 0 0 0
1059 48 1 1 24 0 0 6 0 0
1060 12 0 0 0 0 0 0 0 0
1071 18 0 0 12 0 0 6 3 3
1072 18 2 2 12 0 0 6 0 0
1073 12 0 0 6 0 0 6 0 0
1075 30 0 0 0 0 0 0 0 0
1076 24 0 0 12 0 0 0 0 0
1077 6 0 0 0 0 0 0 0 0
1092 6 0 0 0 0 0 6 0 0
1101 72 1 1 12 0 0 18 0 0
1102 6 0 0 0 0 0 0 0 0
1103 6 0 0 0 0 0 0 0 0
1109 410 2 2 0 0 0 0 0 0
1110 390 1 1 49 0 0 0 0 0
1116 12 0 0 6 0 0 6 0 0
1117 18 0 0 6 0 0 6 0 0
1118 6 0 0 0 0 0 0 0 0
1121 6 1 1 3 0 0 3 0 0
1122 3 0 0 0 0 0 0 0 0
1127 60 1 1 24 0 0 0 0 0
1133 72 0 0 24 0 0 0 0 0
1134 12 0 0 0 0 0 0 0 0
1141 60 0 0 12 0 0 0 0 0
1142 48 0 0 0 0 0 12 4 4
1143 36 1 1 12 0 0 0 0 0
1144 24 0 0 0 0 0 12 1 1
1145 12 0 0 0 0 0 12 0 0
1146 24 0 0 12 0 0 12 2 2
1147 24 1 1 0 0 0 12 0 0
1151 24 0 0 0 0 0 0 0 0
1152 18 0 0 6 0 0 0 0 0
1157 84 0 0 12 0 0 12 2 2
1167 12 0 0 0 0 0 0 0 0
1170 6 0 0 2 0 0 0 0 0
1174 2 0 0 0 0 0 2 2 2
1175 4 1 1 2 0 0 2 0 0
1176 4 0 0 0 0 0 0 0 0
1177 2 0 0 0 0 0 0 0 0
1179 6 0 0 2 0 0 2 0 0
1180 4 0 0 2 0 0 2 1 1
1183 4 0 0 2 0 0 2 0 0
1187 8 0 0 2 0 0 0 0 0
1193 6 0 0 2 0 0 4 2 2
1194 2 0 0 0 0 0 0 0 0
1198 24 0 0 6 0 0 6 0 0
1206 30 0 0 0 0 0 0 0 0
1250 12 1 1 6 0 0 6 0 0
1251 24 0 0 0 0 0 0 0 0
1254 10 1 1 5 0 0 5 1 1
1255 15 0 0 10 0 0 5 0 0
1256 5 0 0 0 0 0 0 0 0
1259 18 1 1 0 0 0 0 0 0
1272 48 0 0 30 0 0 6 0 0
1274 12 1 1 6 0 0 0 0 0
1288 6 0 0 6 0 0 0 0 0
1293 42 0 0 24 0 0 12 3 3
1297 12 1 1 0 0 0 0 0 0
1304 18 0 0 6 0 0 6 0 0
1305 18 0 0 12 0 0 6 0 0
1307 12 0 0 0 0 0 0 0 0
1313 36 0 0 6 0 0 6 0 0
1314 6 1 1 6 0 0 0 0 0
1317 6 0 0 6 0 0 0 0 0
1319 6 1 1 6 0 0 0 0 0
1340 60 1 1 12 0 0 0 0 0
1342 24 0 0 12 0 0 0 0 0
1344 60 0 0 24 0 0 6 0 0
1352 36 0 0 12 0 0 0 0 0
1353 18 0 0 12 0 0 6 0 0
1355 24 0 0 12 1 1 0 0 0
1356 15 1 1 9 0 0 0 0 0
1357 18 0 0 6 0 0 0 0 0
1358 15 1 1 3 0 0 0 0 0
1360 12 0 0 0 0 0 3 0 0
1363 48 0 0 24 0 0 0 0 0
1369 12 0 0 6 0 0 0 0 0
1370 6 0 0 0 0 0 0 0 0
1371 30 1 1 6 0 0 0 0 0
1372 12 0 0 0 0 0 0 0 0
1379 12 0 0 0 0 0 0 0 0
1382 12 0 0 0 0 0 0 0 0
1393 42 0 0 0 0 0 18 0 0
1394 30 0 0 18 0 0 0 0 0
1399 12 0 0 0 0 0 0 0 0
1403 24 0 0 3 0 0 3 0 0
1406 6 0 0 0 0 0 0 0 0
1414 12 1 1 0 0 0 0 0 0
1418 24 0 0 12 0 0 0 0 0
1427 18 0 0 6 0 0 6 0 0
1433 12 1 1 0 0 0 0 0 0
1449 18 0 0 6 0 0 0 0 0
1468 12 0 0 6 0 0 6 0 0
1470 30 1 1 12 0 0 0 0 0
1525 18 0 0 6 4 4 0 0 0
1526 4 0 0 2 0 0 2 0 0
1529 24 0 0 6 0 0 6 0 0
1537 42 2 2 6 0 0 0 0 0
1540 24 0 0 12 0 0 6 0 0
1542 12 0 0 6 0 0 0 0 0
1558 12 0 0 0 0 0 6 0 0
1562 12 0 0 6 0 0 0 0 0
1563 12 1 1 6 0 0 0 0 0
1580 12 0 0 6 0 0 0 0 0
1581 2 0 0 0 0 0 2 0 0
1584 12 0 0 6 0 0 6 0 0
1585 12 0 0 6 0 0 6 0 0
1589 12 1 1 6 0 0 0 0 0
1599 18 0 0 6 0 0 6 0 0
1603 24 0 0 6 0 0 0 0 0
1623 48 0 0 42 0 0 0 0 0
fn=cache_rpath.part.5
686 18 2 2 0 0 0 12 0 0
697 8 0 0 2 0 0 0 0 0
700 2 1 1 0 0 0 2 0 0
708 16 1 1 14 0 0 0 0 0
fn=expand_dynamic_string_token
161 6 0 0 0 0 0 2 0 0
162 4 0 0 0 0 0 2 0 0
164 4 0 0 0 0 0 0 0 0
167 8 0 0 0 0 0 0 0 0
415 16 1 1 0 0 0 10 0 0
425 10 1 1 0 0 0 2 0 0
440 10 0 0 10 0 0 0 0 0
fn=fillin_rpath
486 17 2 2 0 0 0 12 0 0
488 1 0 0 0 0 0 0 0 0
491 7 0 0 0 0 0 2 0 0
495 5 0 0 1 0 0 1 0 0
497 3 0 0 0 0 0 1 0 0
501 2 1 1 0 0 0 0 0 0
508 8 1 1 1 0 0 0 0 0
513 2 0 0 0 0 0 1 0 0
516 5 1 1 1 0 0 0 0 0
523 18 1 1 5 0 0 1 0 0
524 8 1 1 4 0 0 0 0 0
542 4 1 1 1 0 0 1 0 0
545 2 0 0 0 0 0 1 0 0
546 4 1 1 2 0 0 1 0 0
547 4 0 0 0 0 0 2 0 0
548 4 1 1 2 0 0 0 0 0
552 1 0 0 0 0 0 1 1 1
553 1 0 0 0 0 0 0 0 0
554 5 0 0 0 0 0 3 0 0
555 1 0 0 0 0 0 1 0 0
557 3 1 1 2 0 0 0 0 0
563 4 0 0 1 0 0 0 0 0
564 14 1 1 0 0 0 0 0 0
565 10 0 0 0 0 0 2 0 0
567 2 1 1 1 0 0 1 0 0
568 2 0 0 1 0 0 0 0 0
573 2 1 1 0 0 0 1 0 0
575 2 0 0 1 0 0 1 0 0
576 1 0 0 0 0 0 1 0 0
579 3 1 1 0 0 0 1 0 0
581 4 0 0 2 0 0 1 0 0
585 1 0 0 0 0 0 1 0 0
588 9 0 0 7 0 0 0 0 0
fn=open_path
2168 70 2 2 0 0 0 60 0 0
2169 10 0 0 5 0 0 5 0 0
2172 5 0 0 0 0 0 5 0 0
2173 5 0 0 0 0 0 5 0 0
2175 10 0 0 0 0 0 0 0 0
2180 40 1 1 10 0 0 0 0 0
2183 5 0 0 5 0 0 0 0 0
2187 10 0 0 0 0 0 0 0 0
2192 10 0 0 5 0 0 0 0 0
2199 25 0 0 10 0 0 10 2 2
2200 96 1 1 9 0 0 0 0 0
2203 40 1 1 20 0 0 0 0 0
2207 104 1 1 48 0 0 16 0 0
2210 8 0 0 0 0 0 0 0 0
2213 16 1 1 8 0 0 0 0 0
2216 56 0 0 32 0 0 8 0 0
2218 24 0 0 8 0 0 0 0 0
2220 8 0 0 0 0 0 0 0 0
2225 8 1 1 4 0 0 0 0 0
2226 36 0 0 16 0 0 0 0 0
2232 37 1 1 9 0 0 9 0 0
2234 24 0 0 4 0 0 4 0 0
2235 2 0 0 1 0 0 0 0 0
2237 21 1 1 4 0 0 4 0 0
2244 24 0 0 0 0 0 0 0 0
2246 12 0 0 0 0 0 0 0 0
2254 10 1 1 0 0 0 5 0 0
2282 5 0 0 0 0 0 0 0 0
2285 25 0 0 5 0 0 0 0 0
2290 5 0 0 5 0 0 0 0 0
2292 20 1 1 15 0 0 0 0 0
2295 15 0 0 5 0 0 0 0 0
2309 43 2 2 35 0 0 0 0 0
fn=open_verify
1873 12 1 1 0 0 0 8 1 1
1909 3 0 0 1 0 0 0 0 0
1930 5 1 1 1 0 0 2 0 0
1931 2 0 0 0 0 0 0 0 0
1941 1 0 0 0 0 0 1 0 0
1942 2 0 0 0 0 0 1 1 1
1947 6 0 0 1 0 0 1 0 0
1949 2 0 0 0 0 0 0 0 0
1951 3 1 1 1 0 0 1 0 0
1953 2 0 0 0 0 0 0 0 0
1959 2 0 0 0 0 0 0 0 0
1975 11 1 1 0 0 0 1 0 0
1977 1 0 0 1 0 0 0 0 0
1979 4 0 0 0 0 0 1 0 0
2006 3 1 1 2 0 0 0 0 0
2050 2 0 0 1 0 0 0 0 0
2055 2 0 0 1 0 0 0 0 0
2058 4 1 1 1 0 0 0 0 0
2063 2 0 0 1 1 1 0 0 0
2070 5 0 0 1 0 0 0 0 0
2071 4 0 0 1 0 0 0 0 0
2072 1 0 0 0 0 0 0 0 0
2087 61 1 1 0 0 0 0 0 0
2089 19 1 1 9 5 5 0 0 0
2093 4 0 0 2 0 0 0 0 0
2094 2 0 0 0 0 0 0 0 0
2103 6 1 1 0 0 0 1 0 0
2106 1 0 0 0 0 0 0 0 0
2107 3 0 0 1 0 0 0 0 0
2108 3 0 0 1 0 0 0 0 0
2110 3 0 0 0 0 0 0 0 0
2154 8 0 0 7 0 0 0 0 0
fn=open_verify.constprop.6
1871 143 2 2 0 0 0 91 3 3
1909 39 0 0 13 0 0 0 0 0
1930 65 0 0 13 0 0 26 0 0
1931 26 0 0 0 0 0 0 0 0
1941 5 0 0 0 0 0 5 0 0
1942 10 1 1 0 0 0 5 0 0
1947 30 0 0 5 0 0 5 0 0
1949 10 0 0 0 0 0 0 0 0
1951 15 0 0 5 0 0 5 0 0
1953 10 0 0 0 0 0 0 0 0
1959 10 1 1 0 0 0 0 0 0
1975 55 0 0 0 0 0 5 0 0
1977 5 0 0 5 0 0 0 0 0
1979 20 1 1 0 0 0 5 0 0
2005 4 1 1 2 0 0 0 0 0
2050 10 0 0 5 0 0 0 0 0
2055 10 0 0 5 0 0 0 0 0
2058 20 0 0 5 0 0 0 0 0
2063 10 0 0 5 0 0 0 0 0
2070 35 1 1 5 0 0 0 0 0
2071 20 0 0 5 0 0 0 0 0
2072 5 0 0 0 0 0 0 0 0
2087 259 1 1 2 0 0 0 0 0
2089 89 1 1 42 0 0 0 0 0
2093 20 0 0 10 0 0 0 0 0
2094 10 0 0 0 0 0 0 0 0
2103 48 1 1 0 0 0 8 0 0
2106 5 0 0 0 0 0 0 0 0
2107 15 0 0 5 0 0 0 0 0
2108 15 0 0 5 0 0 0 0 0
2110 15 0 0 0 0 0 0 0 0
2115 3 0 0 0 0 0 0 0 0
2116 3 0 0 0 0 0 0 0 0
2119 6 0 0 0 0 0 0 0 0
2122 9 0 0 3 0 0 0 0 0
2123 15 0 0 3 0 0 0 0 0
2124 6 1 1 3 0 0 0 0 0
2125 9 0 0 3 0 0 0 0 0
2126 18 0 0 6 0 0 0 0 0
2131 8 1 1 0 0 0 0 0 0
2154 104 0 0 91 0 0 0 0 0
fl=/build/eglibc-oGUzwX/eglibc-2.19/elf/dl-lookup.c
fn=_dl_lookup_symbol_x
475 2622 0 0 0 0 0 0 0 0
476 208078 0 0 51364 1290 1088 1311 0 0
477 200212 1 1 0 0 0 0 0 0
714 18354 2 2 0 0 0 10488 4 2
716 2622 0 0 0 0 0 1311 0 0
717 2622 1 1 0 0 0 2622 1 0
720 1311 0 0 1311 3 1 0 0 0
724 5194 0 0 1286 0 0 0 0 0
728 2622 1 1 0 0 0 1311 0 0
729 2622 0 0 1311 0 0 0 0 0
731 2622 0 0 2622 12 1 0 0 0
735 10572 1 1 21 0 0 2622 0 0
737 17043 1 1 7866 0 0 9177 4 1
740 2622 0 0 0 0 0 0 0 0
743 21 0 0 0 0 0 0 0 0
766 2622 0 0 1311 0 0 0 0 0
768 147 1 1 42 0 0 0 0 0
784 21 1 1 0 0 0 21 0 0
785 42 0 0 0 0 0 0 0 0
788 1290 0 0 1290 0 0 0 0 0
789 9030 0 0 2580 0 0 0 0 0
815 1290 0 0 0 0 0 0 0 0
824 6450 1 1 1290 0 0 0 0 0
838 3870 0 0 1290 14 2 0 0 0
839 2 1 1 0 0 0 1 0 0
841 5160 0 0 2580 0 0 0 0 0
846 1290 0 0 0 0 0 1290 0 0
848 10488 1 1 9177 0 0 0 0 0
fn=_dl_setup_hash
859 24 1 1 8 0 0 0 0 0
863 8 0 0 8 0 0 0 0 0
867 16 1 1 8 8 8 8 1 1
868 8 0 0 8 0 0 0 0 0
869 8 0 0 8 2 2 0 0 0
871 24 0 0 0 0 0 0 0 0
872 8 0 0 0 0 0 8 0 0
873 24 0 0 8 0 0 8 0 0
875 8 0 0 0 0 0 8 0 0
876 16 0 0 0 0 0 0 0 0
878 8 1 1 0 0 0 8 0 0
879 8 0 0 0 0 0 0 0 0
880 32 0 0 0 0 0 8 0 0
881 8 0 0 8 0 0 0 0 0
fn=check_match.9481
131 9030 1 1 0 0 0 5160 0 0
132 2580 0 0 1290 50 26 0 0 0
134 5160 0 0 2580 159 127 0 0 0
136 3870 0 0 1290 0 0 0 0 0
146 3870 1 1 1290 0 0 1290 9 1
149 2916 0 0 1458 0 0 56 1 0
153 2580 0 0 2580 5 1 0 0 0
154 3870 0 0 1290 0 0 0 0 0
156 2572 0 0 0 0 0 0 0 0
175 2572 1 1 2572 36 11 0 0 0
176 10288 0 0 3858 16 1 0 0 0
177 6430 1 1 2572 3 0 1286 1 0
204 8 0 0 0 0 0 0 0 0
206 24 0 0 8 4 2 0 0 0
207 16 0 0 4 0 0 0 0 0
222 9030 1 1 6450 0 0 0 0 0
fn=do_lookup_x
77 10488 1 1 3933 0 0 6555 1 1
82 15732 1 1 2622 0 0 9177 7 2
83 1311 0 0 1311 3 0 0 0 0
89 1311 0 0 1311 0 0 0 0 0
95 4312 1 1 0 0 0 4312 0 0
96 4312 0 0 0 0 0 4312 0 0
98 12936 0 0 8624 40 6 4312 0 0
101 8624 0 0 0 0 0 0 0 0
105 8630 0 0 4315 0 0 0 0 0
109 8622 1 1 4311 29 5 0 0 0
113 8622 0 0 4311 2 1 0 0 0
119 12933 0 0 4311 14 2 0 0 0
123 8622 0 0 8622 63 8 0 0 0
124 12933 0 0 8622 1 0 4311 0 0
225 4311 0 0 4311 0 0 0 0 0
226 8622 1 1 0 0 0 0 0 0
228 4311 0 0 4311 623 115 0 0 0
229 2622 0 0 0 0 0 0 0 0
230 8622 0 0 4311 0 0 0 0 0
232 5244 0 0 0 0 0 0 0 0
233 17244 0 0 4311 0 0 0 0 0
236 17244 0 0 0 0 0 0 0 0
237 12933 0 0 0 0 0 0 0 0
239 2706 0 0 2706 527 128 0 0 0
240 5412 1 1 0 0 0 0 0 0
241 2706 0 0 0 0 0 0 0 0
243 4032 1 1 1344 0 0 0 0 0
246 18180 0 0 3636 1065 308 0 0 0
248 10320 1 1 2580 0 0 2580 0 0
249 10320 0 0 0 0 0 6450 1 0
250 6450 0 0 3870 0 0 0 0 0
253 7038 0 0 0 0 0 0 0 0
257 3021 0 0 0 0 0 3021 0 0
281 6042 1 1 3021 0 0 0 0 0
286 6712 1 1 1290 0 0 0 0 0
290 5111 0 0 877 2 0 1240 0 0
303 2580 1 1 1290 0 0 1290 0 0
304 2580 0 0 1290 0 0 1290 0 0
305 1290 0 0 0 0 0 0 0 0
316 650 1 1 50 0 0 0 0 0
317 720 1 1 50 0 0 0 0 0
318 1221 1 1 204 58 57 0 0 0
320 168 0 0 0 0 0 0 0 0
321 168 0 0 0 0 0 0 0 0
322 106 0 0 0 0 0 0 0 0
325 120 0 0 0 0 0 120 0 0
326 120 0 0 0 0 0 120 0 0
327 170 0 0 50 0 0 120 0 0
328 212 0 0 0 0 0 120 0 0
331 350 1 1 50 0 0 50 0 0
332 50 0 0 50 0 0 0 0 0
334 100 0 0 50 2 0 50 0 0
336 100 0 0 50 0 0 50 0 0
337 50 0 0 50 0 0 0 0 0
338 100 0 0 0 0 0 0 0 0
340 196 1 1 0 0 0 0 0 0
341 637 0 0 0 0 0 49 0 0
344 975 1 1 345 42 27 0 0 0
345 98 0 0 49 0 0 49 0 0
364 326 0 0 0 0 0 0 0 0
368 258 0 0 0 0 0 0 0 0
369 138 0 0 0 0 0 0 0 0
372 441 1 1 98 0 0 49 0 0
377 6 1 1 2 2 0 0 0 0
379 8 0 0 0 0 0 2 0 0
380 8 0 0 0 0 0 2 0 0
382 6 0 0 0 0 0 0 0 0
389 204 1 1 2 0 0 2 0 0
390 276 0 0 92 22 2 0 0 0
391 210 0 0 210 0 0 0 0 0
395 6 0 0 6 2 0 2 0 0
396 2 0 0 0 0 0 2 0 0
398 2 0 0 0 0 0 2 0 0
399 6 0 0 2 2 0 4 0 0
406 3 1 1 1 1 0 0 0 0
415 2 0 0 0 0 0 0 0 0
424 1 0 0 0 0 0 0 0 0
425 5 1 1 0 0 0 2 0 0
426 2 0 0 0 0 0 0 0 0
429 2 0 0 1 0 0 1 0 0
430 2 0 0 0 0 0 1 0 0
431 4 1 1 1 1 0 2 1 0
434 100 0 0 50 0 0 0 0 0
435 150 2 2 150 0 0 0 0 0
439 50 1 1 50 0 0 0 0 0
442 200 0 0 50 0 0 0 0 0
447 100 1 1 100 0 0 0 0 0
449 150 0 0 100 0 0 50 0 0
451 50 0 0 0 0 0 0 0 0
461 17583 0 0 5861 3 0 0 0 0
462 2057 0 0 748 0 0 748 1 0
465 9066 1 1 0 0 0 0 0 0
468 42 0 0 0 0 0 0 0 0
469 10538 0 0 9177 0 0 50 0 0
fl=/build/eglibc-oGUzwX/eglibc-2.19/elf/dl-minimal.c
fn=__libc_memalign
51 180 1 1 0 0 0 90 1 1
52 223 0 0 89 3 0 0 0 0
57 3 0 0 0 0 0 1 0 0
58 3 1 1 1 0 0 0 0 0
59 1 0 0 0 0 0 0 0 0
63 135 1 1 0 0 0 45 0 0
64 45 0 0 0 0 0 0 0 0
66 291 0 0 0 0 0 0 0 0
70 24 0 0 6 0 0 0 0 0
71 18 1 1 0 0 0 0 0 0
77 42 0 0 0 0 0 6 0 0
79 30 0 0 12 0 0 0 0 0
83 18 0 0 0 0 0 6 0 0
86 45 0 0 0 0 0 45 0 0
87 45 0 0 0 0 0 45 0 0
89 342 0 0 135 0 0 0 0 0
fn=calloc
102 19 1 1 0 0 0 0 0 0
106 19 0 0 0 0 0 0 0 0
109 95 0 0 0 0 0 0 0 0
113 19 0 0 0 0 0 0 0 0
fn=free
119 6 0 0 0 0 0 3 0 0
121 6 1 1 3 0 0 0 0 0
128 6 0 0 6 0 0 0 0 0
fn=malloc
93 44 1 1 0 0 0 0 0 0
94 88 0 0 0 0 0 0 0 0
fn=strsep
338 8 1 1 4 0 0 0 0 0
340 4 0 0 4 0 0 0 0 0
341 8 0 0 0 0 0 0 0 0
345 317 1 1 63 0 0 0 0 0
350 244 0 0 122 0 0 0 0 0
352 366 0 0 122 0 0 0 0 0
360 61 0 0 0 0 0 0 0 0
363 2 0 0 0 0 0 2 0 0
367 4 0 0 4 0 0 0 0 0
fl=/build/eglibc-oGUzwX/eglibc-2.19/elf/dl-misc.c
fn=_dl_higher_prime_number
344 2 1 1 0 0 0 0 0 0
345 4 0 0 0 0 0 0 0 0
347 20 0 0 0 0 0 0 0 0
349 74 0 0 0 0 0 0 0 0
350 37 0 0 10 2 1 0 0 0
351 3 0 0 0 0 0 0 0 0
365 2 0 0 2 0 0 0 0 0
366 2 0 0 2 0 0 0 0 0
fn=_dl_name_match_p
288 1535 1 1 0 0 0 614 3 2
289 1228 0 0 307 8 1 307 0 0
290 325 0 0 0 0 0 0 0 0
292 307 0 0 307 0 0 0 0 0
294 1226 0 0 0 0 0 0 0 0
295 1620 1 1 324 23 3 324 0 0
298 306 0 0 306 0 0 0 0 0
300 289 0 0 0 0 0 0 0 0
301 1535 0 0 921 0 0 0 0 0
fn=_dl_sysdep_read_whole_file
45 7 1 1 0 0 0 4 0 0
46 1 0 0 0 0 0 0 0 0
52 4 1 1 0 0 0 1 0 0
53 2 0 0 0 0 0 0 0 0
55 6 0 0 0 0 0 1 0 0
57 2 0 0 1 0 0 1 1 1
60 2 0 0 0 0 0 0 0 0
62 8 1 1 0 0 0 1 0 0
73 2 0 0 0 0 0 1 0 0
76 7 0 0 5 0 0 0 0 0
fl=/build/eglibc-oGUzwX/eglibc-2.19/elf/dl-object.c
fn=_dl_add_to_namespace_list
32 35 1 1 0 0 0 14 0 0
34 14 0 0 7 0 0 7 0 0
36 50 1 1 7 0 0 0 0 0
39 81 0 0 27 0 0 0 0 0
40 21 0 0 0 0 0 0 0 0
41 6 0 0 0 0 0 6 0 0
43 6 0 0 0 0 0 6 0 0
46 2 0 0 0 0 0 1 0 0
47 21 0 0 7 0 0 0 0 0
48 14 0 0 7 0 0 7 1 1
49 14 0 0 0 0 0 7 0 0
51 21 0 0 7 0 0 0 0 0
52 21 0 0 14 0 0 0 0 0
fn=_dl_new_object
61 98 2 2 0 0 0 70 1 1
62 35 0 0 0 0 0 7 1 1
68 84 1 1 14 0 0 0 0 0
75 35 0 0 0 0 0 14 0 0
78 14 0 0 0 0 0 0 0 0
81 7 0 0 0 0 0 7 6 6
82 14 1 1 0 0 0 7 7 7
86 14 0 0 0 0 0 7 2 2
87 35 0 0 14 0 0 14 2 2
89 7 1 1 0 0 0 7 0 0
97 35 0 0 14 0 0 7 0 0
98 42 0 0 14 7 7 7 0 0
101 14 0 0 7 0 0 0 0 0
102 15 1 1 0 0 0 7 7 7
103 7 1 1 0 0 0 7 0 0
107 7 0 0 0 0 0 7 0 0
110 51 0 0 0 0 0 0 0 0
112 32 0 0 0 0 0 16 5 5
122 14 0 0 0 0 0 7 1 1
123 7 1 1 0 0 0 7 7 7
126 7 0 0 0 0 0 0 0 0
128 42 0 0 7 0 0 0 0 0
130 18 0 0 0 0 0 6 3 3
133 15 0 0 0 0 0 0 0 0
137 24 0 0 8 0 0 0 0 0
138 2 0 0 0 0 0 0 0 0
141 39 0 0 6 0 0 0 0 0
143 1 1 1 0 0 0 0 0 0
149 1 0 0 0 0 0 1 1 1
152 14 0 0 0 0 0 7 1 1
155 35 1 1 14 0 0 0 0 0
157 30 0 0 6 0 0 12 0 0
161 30 0 0 0 0 0 0 0 0
165 18 1 1 0 0 0 6 0 0
166 24 0 0 0 0 0 0 0 0
211 24 1 1 12 0 0 6 0 0
216 196 0 0 0 0 0 0 0 0
217 214 0 0 101 0 0 0 0 0
222 12 0 0 0 0 0 6 0 0
225 12 0 0 0 0 0 6 1 1
229 56 1 1 49 0 0 0 0 0
fl=/build/eglibc-oGUzwX/eglibc-2.19/elf/dl-open.c
fn=_dl_find_dso_for_object
182 5 1 1 1 0 0 0 0 0
183 16 2 2 5 1 0 0 0 0
184 20 0 0 10 2 0 0 0 0
185 2 0 0 1 0 0 0 0 0
188 2 1 1 1 0 0 0 0 0
192 1 0 0 1 0 0 0 0 0
fl=/build/eglibc-oGUzwX/eglibc-2.19/elf/dl-profstub.c
fn=_dl_mcount_wrapper_check
38 384 2 2 256 0 0 0 0 0
39 128 0 0 128 0 0 0 0 0
fl=/build/eglibc-oGUzwX/eglibc-2.19/elf/dl-reloc.c
fn=_dl_relocate_object
154 96 2 2 0 0 0 64 0 0
161 8 0 0 0 0 0 8 0 0
164 16 1 1 0 0 0 0 0 0
165 40 1 1 0 0 0 24 0 0
169 16 0 0 0 0 0 0 0 0
170 32 0 0 16 2 0 0 0 0
176 16 0 0 8 0 0 0 0 0
182 24 0 0 8 0 0 0 0 0
183 16 1 1 8 8 0 0 0 0
186 16 0 0 8 0 0 0 0 0
193 16 0 0 8 3 0 0 0 0
238 24 1 1 16 0 0 8 0 0
264 474 3 3 167 27 1 109 0 0
267 24 0 0 8 0 0 0 0 0
295 8 0 0 8 0 0 0 0 0
298 16 0 0 8 0 0 0 0 0
315 24 0 0 8 4 0 0 0 0
317 64 1 1 56 2 0 0 0 0
323 28 1 1 14 1 0 0 0 0
324 14 0 0 7 0 0 0 0 0
325 14 0 0 0 0 0 0 0 0
328 14 1 1 0 0 0 0 0 0
329 35 0 0 0 0 0 7 0 0
fl=/build/eglibc-oGUzwX/eglibc-2.19/elf/dl-tls.c
fn=_dl_add_to_slotinfo
831 8 1 1 0 0 0 6 0 0
837 4 1 1 2 0 0 0 0 0
840 2 0 0 2 2 0 0 0 0
845 10 0 0 2 2 0 0 0 0
886 2 0 0 0 0 0 2 1 0
887 6 1 1 2 2 0 2 0 0
888 8 0 0 8 0 0 0 0 0
fn=_dl_allocate_tls_init
376 8 1 1 0 0 0 7 0 0
377 2 0 0 0 0 0 0 0 0
381 3 0 0 2 1 0 1 0 0
383 1 0 0 0 0 0 0 0 0
384 1 0 0 0 0 0 0 0 0
389 3 0 0 1 0 0 1 0 0
394 17 1 1 2 0 0 0 0 0
400 11 0 0 0 0 0 0 0 0
403 2 1 1 2 1 0 0 0 0
404 4 0 0 0 0 0 0 0 0
410 6 0 0 2 0 0 0 0 0
412 4 0 0 0 0 0 0 0 0
413 4 0 0 2 1 0 0 0 0
422 4 1 1 2 0 0 0 0 0
423 8 0 0 4 0 0 0 0 0
425 4 0 0 0 0 0 0 0 0
426 4 1 1 2 0 0 0 0 0
434 8 0 0 2 0 0 2 1 0
435 2 0 0 0 0 0 2 0 0
436 22 0 0 8 0 0 4 0 0
450 2 1 1 1 0 0 1 0 0
452 1 0 0 1 0 0 0 0 0
453 8 1 1 7 0 0 0 0 0
fn=_dl_allocate_tls_storage
295 2 0 0 1 0 0 0 0 0
296 3 1 1 0 0 0 1 0 0
297 2 0 0 0 0 0 0 0 0
300 1 0 0 0 0 0 1 1 1
306 2 0 0 0 0 0 1 0 0
328 3 1 1 0 0 0 3 0 0
330 1 0 0 1 0 0 0 0 0
341 4 0 0 1 0 0 1 0 0
342 2 0 0 0 0 0 0 0 0
349 1 0 0 0 0 0 0 0 0
353 306 1 1 0 0 0 288 36 36
370 5 0 0 4 0 0 0 0 0
fn=_dl_determine_tlsoffset
112 7 1 1 0 0 0 6 0 0
113 2 1 1 0 0 0 0 0 0
114 1 0 0 0 0 0 0 0 0
115 1 0 0 0 0 0 0 0 0
118 3 1 1 1 0 0 0 0 0
121 2 0 0 1 0 0 0 0 0
123 1 0 0 0 0 0 0 0 0
155 1 0 0 0 0 0 0 0 0
157 16 0 0 3 1 1 0 0 0
159 5 0 0 1 0 0 0 0 0
161 6 0 0 2 0 0 0 0 0
162 4 1 1 2 0 0 0 0 0
164 4 0 0 0 0 0 0 0 0
166 10 0 0 2 0 0 0 0 0
168 4 1 1 0 0 0 0 0 0
182 16 1 1 0 0 0 0 0 0
184 6 0 0 0 0 0 0 0 0
185 2 0 0 0 0 0 0 0 0
194 2 0 0 0 0 0 2 0 0
197 4 0 0 0 0 0 1 0 0
198 1 0 0 0 0 0 1 0 0
249 1 0 0 0 0 0 1 0 0
250 8 0 0 7 0 0 0 0 0
fn=_dl_get_tls_static_info
320 2 1 1 1 0 0 1 0 0
321 3 0 0 2 0 0 1 0 0
fn=_dl_next_tls_modid
50 2 1 1 0 0 0 0 0 0
53 6 0 0 4 0 0 0 0 0
101 4 0 0 0 0 0 2 0 0
105 4 0 0 2 0 0 0 0 0
fl=/build/eglibc-oGUzwX/eglibc-2.19/elf/dl-tsd.c
fn=__libc_dl_error_tsd
48 2 0 0 2 1 0 0 0 0
49 1 0 0 1 0 0 0 0 0
fl=/build/eglibc-oGUzwX/eglibc-2.19/elf/dl-version.c
fn=_dl_check_all_versions
380 6 1 1 0 0 0 4 0 0
382 2 0 0 0 0 0 0 0 0
384 28 0 0 8 0 0 0 0 0
385 8 0 0 0 0 0 0 0 0
386 80 1 1 8 0 0 8 0 0
389 7 0 0 5 0 0 0 0 0
fn=_dl_check_map_versions
56 181 0 0 22 0 0 0 0 0
57 52 0 0 52 0 0 0 0 0
58 326 1 1 0 0 0 63 0 0
174 88 1 1 0 0 0 64 0 0
175 2 0 0 0 0 0 0 0 0
183 2 0 0 0 0 0 0 0 0
189 24 0 0 8 0 0 0 0 0
191 16 0 0 8 1 0 8 0 0
193 16 0 0 8 0 0 8 0 0
194 16 1 1 8 1 0 8 0 0
196 16 0 0 0 0 0 0 0 0
199 24 0 0 18 0 0 6 0 0
203 36 1 1 12 5 5 0 0 0
220 33 0 0 33 0 0 0 0 0
228 33 0 0 11 0 0 0 0 0
233 77 0 0 22 3 3 0 0 0
237 430 2 2 256 8 7 56 0 0
244 112 0 0 28 0 0 0 0 0
247 95 0 0 28 0 0 0 0 0
252 17 0 0 0 0 0 0 0 0
256 44 0 0 22 0 0 0 0 0
261 5 0 0 5 0 0 0 0 0
262 5 1 1 0 0 0 0 0 0
270 24 1 1 8 0 0 0 0 0
273 18 0 0 12 0 0 0 0 0
276 344 0 0 86 15 15 0 0 0
279 258 0 0 86 7 7 0 0 0
283 80 0 0 0 0 0 0 0 0
287 16 1 1 0 0 0 0 0 0
292 7 0 0 0 0 0 7 1 0
293 28 0 0 0 0 0 7 0 0
294 14 1 1 0 0 0 0 0 0
302 7 0 0 0 0 0 7 0 0
305 21 0 0 14 2 0 7 1 0
307 21 0 0 7 0 0 0 0 0
310 24 0 0 18 0 0 0 0 0
314 33 0 0 11 0 0 0 0 0
317 84 1 1 28 0 0 0 0 0
319 84 0 0 0 0 0 0 0 0
321 140 0 0 28 0 0 28 0 0
322 84 0 0 0 0 0 28 13 13
323 84 0 0 28 0 0 28 2 2
324 84 1 1 28 0 0 28 1 1
327 84 0 0 28 0 0 0 0 0
332 17 0 0 0 0 0 0 0 0
335 33 0 0 11 0 0 0 0 0
340 5 0 0 0 0 0 0 0 0
341 5 0 0 0 0 0 0 0 0
345 21 0 0 7 0 0 0 0 0
348 24 0 0 18 0 0 0 0 0
352 86 0 0 86 0 0 0 0 0
354 172 0 0 86 0 0 0 0 0
358 80 0 0 80 0 0 0 0 0
359 400 0 0 80 0 0 80 21 21
360 240 0 0 80 0 0 80 0 0
361 80 0 0 0 0 0 80 9 9
364 258 0 0 86 0 0 0 0 0
368 80 0 0 0 0 0 0 0 0
373 15 0 0 0 0 0 0 0 0
374 64 2 2 56 0 0 0 0 0
fn=match_symbol
76 364 2 2 0 0 0 224 0 0
77 56 0 0 56 0 0 0 0 0
85 56 0 0 28 0 0 0 0 0
91 84 0 0 28 1 0 0 0 0
106 28 0 0 28 1 0 0 0 0
107 56 1 1 0 0 0 0 0 0
109 28 0 0 28 0 0 0 0 0
114 442 0 0 221 17 16 0 0 0
128 442 0 0 221 5 5 0 0 0
130 28 1 1 28 0 0 0 0 0
133 168 0 0 28 1 1 28 0 0
140 579 0 0 193 3 3 0 0 0
144 193 0 0 0 0 0 0 0 0
168 224 0 0 196 0 0 0 0 0
fl=/build/eglibc-oGUzwX/eglibc-2.19/elf/do-rel.h
fn=_dl_relocate_object
47 32 0 0 16 0 0 0 0 0
48 16 0 0 16 1 0 0 0 0
50 7 0 0 0 0 0 0 0 0
51 7 0 0 0 0 0 7 1 0
58 48 0 0 16 0 0 0 0 0
61 2551 0 0 0 0 0 0 0 0
63 2523 1 1 841 314 314 0 0 0
65 61 1 1 0 0 0 0 0 0
74 14 0 0 0 0 0 0 0 0
75 85 1 1 18 0 0 0 0 0
76 38 0 0 19 0 0 0 0 0
83 18 0 0 9 0 0 9 0 0
84 9 1 1 9 0 0 0 0 0
86 18 0 0 0 0 0 0 0 0
98 27 0 0 0 0 0 0 0 0
108 17 1 1 1 1 1 0 0 0
111 5237 0 0 0 0 0 0 0 0
112 3478 1 1 1739 1 0 0 0 0
118 27 0 0 9 8 0 0 0 0
121 16 1 1 8 5 0 8 1 0
124 6770 1 1 2249 0 0 0 0 0
127 8968 1 1 2242 561 558 0 0 0
136 6726 0 0 4484 660 164 0 0 0
137 11432 0 0 2242 0 0 2242 1 0
138 3474 0 0 2242 2 0 0 0 0
139 4484 0 0 2242 0 0 0 0 0
143 14 0 0 0 0 0 0 0 0
160 23 2 2 5 0 0 4 0 0
162 20 0 0 5 2 2 0 0 0
170 25 1 1 5 0 0 5 0 0
171 10 0 0 10 0 0 0 0 0
174 5 0 0 2 0 0 0 0 0
fn=_dl_start
83 1 0 0 1 0 0 0 0 0
84 1 0 0 1 0 0 0 0 0
111 33 1 1 0 0 0 0 0 0
112 20 0 0 10 3 3 0 0 0
116 2 0 0 1 0 0 0 0 0
124 31 1 1 0 0 0 0 0 0
137 45 0 0 9 2 2 0 0 0
139 18 0 0 9 0 0 0 0 0
fl=/build/eglibc-oGUzwX/eglibc-2.19/elf/get-dynamic-info.h
fn=_dl_map_object_from_fd
38 12 0 0 0 0 0 0 0 0
42 6 0 0 0 0 0 0 0 0
44 492 1 1 164 46 46 0 0 0
46 316 1 1 0 0 0 0 0 0
51 162 0 0 0 0 0 0 0 0
52 263 0 0 0 0 0 152 36 36
53 24 0 0 0 0 0 0 0 0
55 6 0 0 0 0 0 0 0 0
56 30 1 1 0 0 0 0 0 0
58 6 0 0 0 0 0 0 0 0
59 30 0 0 0 0 0 0 0 0
60 6 0 0 0 0 0 0 0 0
61 24 0 0 0 0 0 6 1 1
62 158 0 0 0 0 0 0 0 0
69 12 1 1 0 0 0 0 0 0
89 21 0 0 9 0 0 0 0 0
90 24 0 0 12 0 0 0 0 0
91 24 0 0 12 0 0 0 0 0
92 24 0 0 12 0 0 0 0 0
94 24 1 1 12 0 0 0 0 0
99 24 0 0 12 0 0 0 0 0
100 23 0 0 11 1 1 0 0 0
101 24 0 0 12 0 0 0 0 0
107 18 1 1 6 0 0 0 0 0
112 12 0 0 6 0 0 0 0 0
119 12 0 0 6 0 0 0 0 0
120 18 0 0 12 0 0 0 0 0
136 18 0 0 6 0 0 0 0 0
141 6 0 0 3 0 0 3 1 1
143 6 0 0 0 0 0 0 0 0
145 6 0 0 0 0 0 0 0 0
147 6 0 0 0 0 0 0 0 0
150 18 1 1 6 0 0 0 0 0
152 4 0 0 2 0 0 2 0 0
160 4 1 1 2 0 0 0 0 0
161 4 0 0 0 0 0 0 0 0
165 4 0 0 0 0 0 0 0 0
168 12 0 0 6 0 0 0 0 0
fn=_dl_start
44 57 1 1 19 6 6 0 0 0
46 36 0 0 0 0 0 0 0 0
47 26 0 0 0 0 0 13 3 3
51 21 1 1 0 0 0 0 0 0
52 18 0 0 0 0 0 4 2 2
53 4 1 1 0 0 0 0 0 0
55 1 0 0 0 0 0 0 0 0
56 5 0 0 0 0 0 0 0 0
58 2 0 0 0 0 0 0 0 0
59 5 2 2 0 0 0 0 0 0
60 1 0 0 0 0 0 0 0 0
61 5 0 0 0 0 0 1 1 1
62 18 0 0 0 0 0 0 0 0
69 2 0 0 0 0 0 0 0 0
89 4 0 0 2 0 0 0 0 0
90 4 1 1 2 0 0 0 0 0
91 4 0 0 2 0 0 0 0 0
92 4 0 0 2 0 0 0 0 0
94 4 0 0 2 0 0 0 0 0
99 4 1 1 2 0 0 0 0 0
100 4 0 0 2 0 0 0 0 0
101 4 0 0 2 0 0 0 0 0
107 3 0 0 1 0 0 0 0 0
112 2 1 1 1 0 0 0 0 0
119 3 0 0 1 0 0 0 0 0
120 3 0 0 2 0 0 0 0 0
128 3 0 0 1 0 0 0 0 0
130 3 1 1 1 1 1 0 0 0
133 2 0 0 1 0 0 0 0 0
134 2 0 0 1 0 0 0 0 0
fn=dl_main
29 1 0 0 1 0 0 0 0 0
38 2 0 0 0 0 0 0 0 0
42 1 0 0 0 0 0 0 0 0
44 78 0 0 26 7 7 0 0 0
46 50 1 1 0 0 0 0 0 0
51 17 1 1 0 0 0 0 0 0
52 35 0 0 0 0 0 24 5 5
53 4 0 0 0 0 0 0 0 0
55 1 0 0 0 0 0 0 0 0
56 5 1 1 0 0 0 0 0 0
58 1 0 0 0 0 0 0 0 0
59 5 0 0 0 0 0 0 0 0
60 1 0 0 0 0 0 0 0 0
61 4 1 1 0 0 0 1 0 0
62 25 0 0 0 0 0 0 0 0
69 3 1 1 1 0 0 0 0 0
107 3 2 2 1 0 0 0 0 0
112 2 0 0 1 0 0 0 0 0
119 2 0 0 1 0 0 0 0 0
120 3 0 0 2 0 0 0 0 0
136 3 0 0 1 0 0 0 0 0
150 3 1 1 1 0 0 0 0 0
168 2 1 1 1 0 0 0 0 0
fl=/build/eglibc-oGUzwX/eglibc-2.19/elf/rtld.c
fn=_dl_initial_error_catch_tsd
797 30 0 0 15 0 0 0 0 0
fn=_dl_start
284 75 3 3 8 1 1 8 2 2
296 2 0 0 0 0 0 1 0 0
297 2 0 0 0 0 0 1 0 0
298 2 1 1 0 0 0 1 0 0
299 2 0 0 0 0 0 1 1 1
300 2 0 0 0 0 0 1 0 0
321 5 1 1 0 0 0 1 0 0
325 1 0 0 0 0 0 1 0 0
331 4 1 0 0 0 0 1 0 0
340 4 0 0 0 0 0 0 0 0
343 2 0 0 1 1 0 1 1 0
347 2 0 0 1 0 0 0 0 0
361 9 1 1 0 0 0 6 1 1
379 5 0 0 0 0 0 1 1 1
405 1 0 0 0 0 0 1 1 1
408 1 0 0 0 0 0 1 1 1
536 2 0 0 0 0 0 0 0 0
541 34 3 3 9 0 0 0 0 0
543 1 1 1 1 1 1 0 0 0
568 9 0 0 7 1 0 0 0 0
fn=dl_main
887 12 1 1 0 0 0 8 1 1
893 1 0 0 0 0 0 0 0 0
895 2 0 0 0 0 0 0 0 0
896 1 0 0 0 0 0 0 0 0
902 1 0 0 0 0 0 1 0 0
906 2 0 0 0 0 0 1 0 0
909 2 0 0 0 0 0 1 1 1
913 2 0 0 0 0 0 1 1 1
914 2 0 0 0 0 0 1 0 0
919 2 1 1 0 0 0 1 0 0
929 4 2 2 2 0 0 0 0 0
1128 8 1 1 0 0 0 1 0 0
1130 2 0 0 0 0 0 0 0 0
1131 1 0 0 0 0 0 1 1 1
1132 2 1 1 1 0 0 1 0 0
1133 3 0 0 2 0 0 1 0 0
1137 3 0 0 0 0 0 1 0 0
1138 2 0 0 1 0 0 0 0 0
1159 1 0 0 0 0 0 1 0 0
1160 1 0 0 0 0 0 1 0 0
1162 1 0 0 0 0 0 1 0 0
1164 1 1 1 1 0 0 0 0 0
1167 36 1 1 3 0 0 0 0 0
1168 71 1 1 9 5 5 0 0 0
1172 3 1 1 1 0 0 1 0 0
1173 1 0 0 0 0 0 0 0 0
1177 3 1 1 2 0 0 1 0 0
1178 1 0 0 0 0 0 0 0 0
1186 1 0 0 0 0 0 1 1 1
1187 2 1 1 2 1 1 0 0 0
1189 2 1 1 0 0 0 1 0 0
1196 3 0 0 1 0 0 0 0 0
1214 1 0 0 0 0 0 0 0 0
1222 4 0 0 2 0 0 0 0 0
1223 10 2 2 3 1 1 0 0 0
1224 4 0 0 2 0 0 0 0 0
1225 1 0 0 0 0 0 1 0 0
1228 4 0 0 2 1 1 0 0 0
1229 4 0 0 2 0 0 0 0 0
1230 2 0 0 0 0 0 2 0 0
1231 6 0 0 3 0 0 0 0 0
1232 2 0 0 0 0 0 1 0 0
1259 2 1 1 1 0 0 1 1 1
1260 1 0 0 0 0 0 0 0 0
1263 2 0 0 1 0 0 1 0 0
1264 2 0 0 1 0 0 1 0 0
1265 1 0 0 0 0 0 0 0 0
1270 3 0 0 1 1 1 0 0 0
1273 2 0 0 0 0 0 0 0 0
1275 2 0 0 0 0 0 0 0 0
1277 2 1 1 1 0 0 0 0 0
1290 3 0 0 1 0 0 0 0 0
1291 11 1 1 6 0 0 2 0 0
1296 1 0 0 0 0 0 1 0 0
1298 1 0 0 0 0 0 1 1 1
1299 1 0 0 0 0 0 1 0 0
1301 2 0 0 1 0 0 0 0 0
1302 2 1 1 0 0 0 1 0 0
1306 2 0 0 1 0 0 0 0 0
1308 2 0 0 0 0 0 0 0 0
1313 2 0 0 0 0 0 1 0 0
1316 4 1 1 0 0 0 1 0 0
1332 3 1 1 0 0 0 1 0 0
1338 9 1 1 1 0 0 2 0 0
1343 2 1 1 1 0 0 1 0 0
1346 4 0 0 1 0 0 2 0 0
1348 1 0 0 0 0 0 1 0 0
1353 2 0 0 1 0 0 0 0 0
1356 3 0 0 2 0 0 1 0 0
1357 4 1 1 1 0 0 1 0 0
1358 2 0 0 0 0 0 1 0 0
1359 1 0 0 0 0 0 1 0 0
1360 1 0 0 1 0 0 0 0 0
1361 1 0 0 1 0 0 0 0 0
1366 2 0 0 1 0 0 0 0 0
1367 5 1 1 1 0 0 1 0 0
1371 1 0 0 1 0 0 0 0 0
1373 4 0 0 1 0 0 0 0 0
1374 2 0 0 0 0 0 1 0 0
1375 4 1 1 1 1 1 1 0 0
1380 2 0 0 0 0 0 0 0 0
1381 6 0 0 1 1 1 0 0 0
1383 2 0 0 1 0 0 1 1 1
1384 2 0 0 1 0 0 1 0 0
1389 2 0 0 1 1 1 0 0 0
1394 3 1 1 1 0 0 0 0 0
1575 3 0 0 1 0 0 0 0 0
1578 2 0 0 1 0 0 1 0 0
1582 3 1 1 1 0 0 0 0 0
1587 2 0 0 1 0 0 1 0 0
1588 1 0 0 0 0 0 1 0 0
1593 3 0 0 1 0 0 0 0 0
1608 3 1 1 2 0 0 0 0 0
1610 1 0 0 0 0 0 0 0 0
1612 3 0 0 1 0 0 0 0 0
1619 11 1 1 0 0 0 3 0 0
1622 6 0 0 0 0 0 0 0 0
1625 12 1 1 0 0 0 2 0 0
1626 2 0 0 1 0 0 0 0 0
1627 3 0 0 1 0 0 0 0 0
1629 6 1 1 0 0 0 1 0 0
1631 4 0 0 0 0 0 0 0 0
1632 2 0 0 1 0 0 0 0 0
1633 3 1 1 0 0 0 1 0 0
1643 5 0 0 0 0 0 1 0 0
1720 4 1 1 2 0 0 0 0 0
1724 8 1 1 0 0 0 0 0 0
1725 1 0 0 0 0 0 0 0 0
1728 2 0 0 0 0 0 1 0 0
1729 1 0 0 1 0 0 0 0 0
1730 2 0 0 0 0 0 0 0 0
1731 2 1 1 0 0 0 0 0 0
1737 5 0 0 0 0 0 0 0 0
1738 8 0 0 0 0 0 1 0 0
1739 4 1 1 0 0 0 0 0 0
1741 2 0 0 1 1 0 0 0 0
1744 21 0 0 2 0 0 0 0 0
1745 32 0 0 16 0 0 0 0 0
1748 3 0 0 2 0 0 1 0 0
1749 3 1 1 1 0 0 0 0 0
1750 1 0 0 0 0 0 1 0 0
1752 24 1 1 0 0 0 0 0 0
1753 15 0 0 7 0 0 0 0 0
1763 1 0 0 0 0 0 1 0 0
1765 2 0 0 1 0 0 1 0 0
1766 2 1 1 1 1 0 0 0 0
1768 3 0 0 0 0 0 1 0 0
1770 4 0 0 1 0 0 0 0 0
1772 3 0 0 1 1 0 0 0 0
1773 1 1 1 1 0 0 0 0 0
1784 3 1 1 0 0 0 0 0 0
1786 2 0 0 0 0 0 0 0 0
1787 2 0 0 0 0 0 1 0 0
1788 3 0 0 1 0 0 0 0 0
1790 2 0 0 1 0 0 0 0 0
1791 2 1 1 0 0 0 1 0 0
1799 4 0 0 0 0 0 1 0 0
1800 1 0 0 0 0 0 1 1 0
1801 5 0 0 0 0 0 1 0 0
1811 2 1 1 1 0 0 1 0 0
1812 2 0 0 1 0 0 0 0 0
1813 2 0 0 0 0 0 2 0 0
1815 2 0 0 1 0 0 0 0 0
1818 1 0 0 0 0 0 1 0 0
1820 2 0 0 1 0 0 0 0 0
2050 3 1 1 1 0 0 0 0 0
2106 2 1 1 0 0 0 1 0 0
2110 4 1 1 2 0 0 2 0 0
2114 2 0 0 1 0 0 1 0 0
2117 2 0 0 0 0 0 0 0 0
2125 2 1 1 0 0 0 0 0 0
2136 1 1 1 1 0 0 0 0 0
2171 3 2 2 1 0 0 0 0 0
2178 1 0 0 1 0 0 0 0 0
2180 11 0 0 1 0 0 1 0 0
2182 21 1 1 1 1 0 0 0 0
2184 24 1 1 16 4 0 0 0 0
2189 16 0 0 16 3 0 0 0 0
2191 18 0 0 0 0 0 0 0 0
2193 1 1 1 0 0 0 1 0 0
2194 1 0 0 1 0 0 0 0 0
2197 8 0 0 8 0 0 0 0 0
2199 24 0 0 0 0 0 0 0 0
2200 56 0 0 14 7 0 7 0 0
2204 28 0 0 10 2 0 0 0 0
2205 6 0 0 0 0 0 2 0 0
2207 4 0 0 0 0 0 0 0 0
2209 2 1 1 0 0 0 1 0 0
2215 2 0 0 1 0 0 0 0 0
2220 4 1 1 2 0 0 0 0 0
2221 1 1 1 1 0 0 0 0 0
2226 2 0 0 1 0 0 1 0 0
2230 2 0 0 1 0 0 0 0 0
2244 3 1 1 2 1 0 0 0 0
2246 4 1 1 1 0 0 0 0 0
2261 5 0 0 0 0 0 0 0 0
2263 1 0 0 1 0 0 0 0 0
2264 5 0 0 1 0 0 1 0 0
2265 4 0 0 0 0 0 0 0 0
2267 3 0 0 1 0 0 0 0 0
2275 1 0 0 0 0 0 1 0 0
2279 3 0 0 1 0 0 0 0 0
2299 3 0 0 0 0 0 1 0 0
2300 1 0 0 0 0 0 1 0 0
2301 1 0 0 0 0 0 1 0 0
2306 1 0 0 0 0 0 1 0 0
2311 8 1 1 7 2 0 0 0 0
2481 2 0 0 1 0 0 1 1 1
2483 1 0 0 0 0 0 0 0 0
2484 1 0 0 0 0 0 0 0 0
2488 13 2 2 1 0 0 4 0 0
2490 15 0 0 3 0 0 3 1 1
2494 105 1 1 21 0 0 0 0 0
2495 19 0 0 0 0 0 0 0 0
2497 4 0 0 0 0 0 0 0 0
2503 16 0 0 2 0 0 0 0 0
2526 6 1 1 0 0 0 1 0 0
2533 6 1 1 0 0 0 1 0 0
2535 3 1 1 0 0 0 1 0 0
2579 6 1 1 0 0 0 1 0 0
2581 3 1 1 0 0 0 1 0 0
2653 3 1 1 1 0 0 0 0 0
2686 3 0 0 1 0 0 0 0 0
fn=do_preload
803 6 0 0 0 0 0 3 0 0
805 1 0 0 0 0 0 1 0 0
809 1 0 0 0 0 0 1 0 0
810 1 1 1 0 0 0 1 0 0
811 1 0 0 0 0 0 1 0 0
813 1 0 0 1 0 0 0 0 0
815 6 0 0 0 0 0 1 0 0
816 3 0 0 1 0 0 0 0 0
824 3 1 1 1 0 0 0 0 0
830 5 0 0 4 0 0 0 0 0
fn=init_tls
716 1 0 0 0 0 0 1 0 0
718 2 0 0 1 0 0 1 0 0
722 2 0 0 1 0 0 0 0 0
723 1 1 1 0 0 0 0 0 0
728 2 0 0 0 0 0 1 0 0
731 1 0 0 0 0 0 1 0 0
732 4 0 0 0 0 0 1 0 0
737 1 0 0 0 0 0 0 0 0
739 1 0 0 0 0 0 1 0 0
743 2 1 1 1 1 1 0 0 0
744 1 0 0 0 0 0 0 0 0
745 19 1 1 1 0 0 0 0 0
746 16 0 0 8 0 0 0 0 0
747 16 0 0 8 4 0 0 0 0
751 6 0 0 0 0 0 2 0 0
753 2 0 0 0 0 0 0 0 0
755 3 0 0 0 0 0 0 0 0
758 1 1 1 0 0 0 1 0 0
765 2 0 0 0 0 0 1 0 0
766 2 0 0 0 0 0 0 0 0
772 2 1 1 1 0 0 1 0 0
780 7 0 0 0 0 0 2 0 0
784 1 1 1 0 0 0 1 0 0
786 1 0 0 0 0 0 0 0 0
787 2 0 0 2 0 0 0 0 0
fn=map_doit
624 2 1 1 0 0 0 1 0 0
626 8 1 1 3 0 0 2 0 0
628 2 0 0 2 0 0 0 0 0
fn=rtld_lock_default_lock_recursive
837 114 1 1 114 3 2 0 0 0
fn=rtld_lock_default_unlock_recursive
843 114 1 1 114 0 0 0 0 0
fn=security_init
850 2 0 0 0 0 0 1 0 0
852 1 0 0 1 0 0 0 0 0
854 1 0 0 0 0 0 1 0 0
861 1 0 0 1 0 0 0 0 0
863 1 0 0 0 0 0 1 0 0
865 1 0 0 0 0 0 1 0 0
870 1 1 1 0 0 0 1 0 0
871 3 0 0 2 0 0 0 0 0
fn=version_check_doit
656 2 1 1 0 0 0 1 0 0
658 6 0 0 2 0 0 1 0 0
662 2 0 0 2 0 0 0 0 0
fl=/build/eglibc-oGUzwX/eglibc-2.19/elf/setup-vdso.h
fn=dl_main
24 2 0 0 1 0 0 0 0 0
fl=/build/eglibc-oGUzwX/eglibc-2.19/iconv/gconv_simple.c
fn=__gconv_btwoc_ascii
52 512 1 1 0 0 0 0 0 0
55 128 0 0 128 0 0 0 0 0
fl=/build/eglibc-oGUzwX/eglibc-2.19/io/../sysdeps/unix/syscall-template.S
fn=access
81 28 1 1 0 0 0 0 0 0
83 35 1 1 7 0 0 7 1 1
fn=close
81 28 1 1 0 0 0 0 0 0
82 7 0 0 7 0 0 0 0 0
fn=open
81 60 1 1 0 0 0 0 0 0
82 7 0 0 7 0 0 0 0 0
83 40 0 0 8 0 0 8 0 0
fn=read
81 24 0 0 0 0 0 0 0 0
82 6 0 0 6 0 0 0 0 0
fl=/build/eglibc-oGUzwX/eglibc-2.19/io/../sysdeps/unix/sysv/linux/wordsize-64/fxstat.c
fn=_fxstat
33 7 0 0 0 0 0 0 0 0
34 14 1 1 0 0 0 0 0 0
35 42 0 0 0 0 0 0 0 0
39 7 0 0 7 0 0 0 0 0
fl=/build/eglibc-oGUzwX/eglibc-2.19/io/../sysdeps/unix/sysv/linux/wordsize-64/xstat.c
fn=_xstat
33 4 0 0 0 0 0 0 0 0
34 8 1 1 0 0 0 0 0 0
35 36 0 0 3 0 0 3 0 0
39 1 0 0 1 0 0 0 0 0
fl=/build/eglibc-oGUzwX/eglibc-2.19/locale/newlocale.c
fn=newlocale
44 12 2 2 0 0 0 8 0 0
56 2 0 0 0 0 0 0 0 0
57 2 1 1 0 0 0 1 0 0
64 2 0 0 0 0 0 0 0 0
67 4 1 1 1 0 0 0 0 0
73 2 0 0 1 0 0 0 0 0
74 7 2 2 3 0 0 0 0 0
76 1 1 1 0 0 0 0 0 0
279 8 0 0 7 0 0 0 0 0
fl=/build/eglibc-oGUzwX/eglibc-2.19/locale/uselocale.c
fn=uselocale
31 4 1 1 4 1 0 0 0 0
33 6 0 0 0 0 0 0 0 0
36 4 0 0 0 0 0 0 0 0
37 2 0 0 0 0 0 2 0 0
65 6 0 0 4 2 0 2 0 0
66 6 1 1 4 0 0 2 0 0
68 6 0 0 4 1 0 2 0 0
72 6 0 0 0 0 0 0 0 0
73 2 0 0 2 0 0 0 0 0
fl=/build/eglibc-oGUzwX/eglibc-2.19/malloc/arena.c
fn=malloc_hook_ini
373 3 0 0 1 1 1 0 0 0
fn=ptmalloc_init.part.7
334 195 0 0 65 9 0 0 0 0
336 128 0 0 64 32 0 0 0 0
337 2 1 1 1 0 0 0 0 0
338 2 0 0 1 0 0 0 0 0
352 64 0 0 0 0 0 0 0 0
371 6 1 1 0 0 0 5 0 0
376 1 0 0 0 0 0 1 0 0
384 2 1 1 1 1 0 0 0 0
385 7 1 1 0 0 0 1 0 0
386 4 0 0 2 1 0 0 0 0
391 3 0 0 1 1 0 1 1 0
392 12 1 1 1 1 0 6 2 2
394 5 1 1 2 1 0 0 0 0
410 2 0 0 0 0 0 0 0 0
455 2 0 0 0 0 0 0 0 0
461 2 1 1 2 1 1 0 0 0
462 2 0 0 0 0 0 0 0 0
464 1 0 0 0 0 0 1 1 0
465 7 0 0 6 1 0 0 0 0
fl=/build/eglibc-oGUzwX/eglibc-2.19/malloc/hooks.c
fn=malloc_hook_ini
29 4 0 0 1 0 0 2 0 0
30 2 1 1 1 0 0 1 0 0
32 1 0 0 0 0 0 0 0 0
33 1 0 0 0 0 0 0 0 0
fl=/build/eglibc-oGUzwX/eglibc-2.19/malloc/malloc.c
fn=_int_malloc
1862 3 0 0 1 1 1 0 0 0
2271 5 1 1 2 2 0 2 0 0
2282 5 0 0 3 2 2 0 0 0
2297 5 1 1 2 0 0 0 0 0
2303 2 0 0 0 0 0 0 0 0
2305 8 2 2 0 0 0 2 0 0
2307 3 0 0 1 0 0 0 0 0
2322 3 0 0 0 0 0 0 0 0
2337 3 0 0 0 0 0 1 1 1
2342 3 0 0 2 0 0 0 0 0
2343 5 1 1 2 0 0 0 0 0
2346 3 0 0 2 0 0 0 0 0
2347 5 0 0 2 0 0 0 0 0
3302 8 2 2 0 0 0 7 1 0
3332 10 0 0 0 0 0 0 0 0
3340 2 0 0 1 1 1 0 0 0
3377 2 1 1 0 0 0 0 0 0
3421 23 4 4 0 0 0 0 0 0
3422 2 0 0 1 0 0 0 0 0
3423 4 0 0 1 0 0 2 0 0
3442 5 1 1 1 0 0 0 0 0
3576 2 2 2 0 0 0 0 0 0
3578 2 1 1 0 0 0 0 0 0
3581 3 0 0 1 0 0 0 0 0
3649 1 0 0 0 0 0 0 0 0
3650 2 0 0 0 0 0 0 0 0
3651 2 0 0 0 0 0 0 0 0
3652 2 0 0 1 1 0 0 0 0
3653 2 0 0 0 0 0 0 0 0
3658 6 0 0 0 0 0 0 0 0
3662 3 1 1 0 0 0 0 0 0
3765 1 1 1 1 0 0 0 0 0
3766 3 0 0 1 0 0 0 0 0
3768 3 0 0 0 0 0 0 0 0
3785 2 0 0 1 0 0 0 0 0
3790 4 1 1 0 0 0 1 0 0
3792 25 1 1 0 0 0 10 0 0
3801 2 2 2 0 0 0 0 0 0
3806 9 0 0 7 0 0 0 0 0
4990 4 1 1 0 0 0 2 0 0
4992 3 0 0 1 0 0 1 0 0
5000 1 1 1 0 0 0 1 0 0
fn=malloc
2876 8 1 1 0 0 0 4 0 0
2881 4 0 0 4 4 0 0 0 0
2882 4 0 0 0 0 0 0 0 0
2883 2 1 1 1 0 0 0 0 0
2885 2 1 1 2 0 0 0 0 0
2887 8 0 0 2 1 0 0 0 0
2891 4 0 0 0 0 0 1 0 0
2892 2 1 1 0 0 0 0 0 0
2903 4 0 0 2 0 0 0 0 0
2904 3 0 0 1 0 0 0 0 0
2907 8 1 1 6 0 0 0 0 0
fn=malloc_consolidate
1785 381 0 0 0 0 0 0 0 0
1788 381 0 0 0 0 0 254 32 32
1792 3 0 0 0 0 0 0 0 0
1796 3 1 1 1 0 0 1 0 0
1797 2 1 1 0 0 0 1 0 0
1799 1 0 0 0 0 0 1 1 1
4104 8 2 2 0 0 0 6 1 0
4126 5 0 0 1 0 0 0 0 0
4199 8 0 0 7 0 0 0 0 0
4996 1 1 1 0 0 0 0 0 0
fl=/build/eglibc-oGUzwX/eglibc-2.19/math/../sysdeps/x86_64/fpu/multiarch/e_asin.c
fn=__acos_finite
10 7 1 1 2 0 0 1 0 0
fn=__asin_finite
14 7 1 1 2 0 0 1 0 0
fl=/build/eglibc-oGUzwX/eglibc-2.19/math/../sysdeps/x86_64/fpu/multiarch/e_atan2.c
fn=__atan2_finite
15 1 1 1 0 0 0 0 0 0
fl=/build/eglibc-oGUzwX/eglibc-2.19/math/../sysdeps/x86_64/fpu/multiarch/e_exp.c
fn=__exp_finite
15 10 2 2 2 0 0 1 0 0
fl=/build/eglibc-oGUzwX/eglibc-2.19/math/../sysdeps/x86_64/fpu/multiarch/e_log.c
fn=__log_finite
15 1 1 1 0 0 0 0 0 0
fl=/build/eglibc-oGUzwX/eglibc-2.19/math/../sysdeps/x86_64/fpu/multiarch/e_pow.c
fn=__pow_finite
8 7 1 1 2 0 0 1 0 0
fl=/build/eglibc-oGUzwX/eglibc-2.19/math/../sysdeps/x86_64/fpu/multiarch/s_ceil.S
fn=ceil
25 1 1 1 0 0 0 1 0 0
26 1 0 0 0 0 0 0 0 0
27 1 0 0 0 0 0 0 0 0
28 1 0 0 1 0 0 0 0 0
29 1 0 0 0 0 0 0 0 0
31 1 0 0 1 0 0 0 0 0
fl=/build/eglibc-oGUzwX/eglibc-2.19/math/../sysdeps/x86_64/fpu/multiarch/s_ceilf.S
fn=ceilf
25 1 1 1 0 0 0 1 0 0
26 1 0 0 0 0 0 0 0 0
27 1 0 0 0 0 0 0 0 0
28 1 0 0 1 0 0 0 0 0
29 1 0 0 0 0 0 0 0 0
31 1 0 0 1 0 0 0 0 0
fl=/build/eglibc-oGUzwX/eglibc-2.19/math/../sysdeps/x86_64/fpu/multiarch/s_floor.S
fn=floor
25 1 1 1 0 0 0 1 0 0
26 1 0 0 0 0 0 0 0 0
27 1 0 0 0 0 0 0 0 0
28 1 0 0 1 0 0 0 0 0
29 1 0 0 0 0 0 0 0 0
31 1 0 0 1 0 0 0 0 0
fl=/build/eglibc-oGUzwX/eglibc-2.19/math/../sysdeps/x86_64/fpu/multiarch/s_floorf.S
fn=floorf
25 1 1 1 0 0 0 1 0 0
26 1 0 0 0 0 0 0 0 0
27 1 0 0 0 0 0 0 0 0
28 1 1 1 1 0 0 0 0 0
29 1 0 0 0 0 0 0 0 0
31 1 0 0 1 0 0 0 0 0
fl=/build/eglibc-oGUzwX/eglibc-2.19/math/../sysdeps/x86_64/fpu/multiarch/s_rint.S
fn=rint
25 1 1 1 0 0 0 1 0 0
26 1 0 0 0 0 0 0 0 0
27 1 0 0 0 0 0 0 0 0
28 1 0 0 1 0 0 0 0 0
29 1 0 0 0 0 0 0 0 0
31 1 0 0 1 0 0 0 0 0
fl=/build/eglibc-oGUzwX/eglibc-2.19/math/../sysdeps/x86_64/fpu/multiarch/s_rintf.S
fn=rintf
25 1 1 1 0 0 0 1 0 0
26 1 0 0 0 0 0 0 0 0
27 1 0 0 0 0 0 0 0 0
28 1 0 0 1 0 0 0 0 0
29 1 0 0 0 0 0 0 0 0
31 1 0 0 1 0 0 0 0 0
fl=/build/eglibc-oGUzwX/eglibc-2.19/math/../sysdeps/x86_64/fpu/multiarch/s_sin.c
fn=cos
20 10 2 2 2 0 0 1 0 0
fn=sin
24 1 0 0 0 0 0 0 0 0
fl=/build/eglibc-oGUzwX/eglibc-2.19/misc/../sysdeps/unix/syscall-template.S
fn=__syscall_clock_gettime
62 2 1 1 0 0 0 0 0 0
63 1 0 0 1 0 0 0 0 0
fn=mmap
81 115 3 3 0 0 0 0 0 0
82 23 0 0 23 0 0 0 0 0
fn=mprotect
81 52 1 1 0 0 0 0 0 0
82 13 0 0 13 0 0 0 0 0
fn=munmap
81 4 0 0 0 0 0 0 0 0
82 1 0 0 1 0 0 0 0 0
fl=/build/eglibc-oGUzwX/eglibc-2.19/misc/init-misc.c
fn=__init_misc
30 4 1 1 0 0 0 2 0 0
31 5 0 0 1 0 0 0 0 0
33 3 0 0 0 0 0 1 0 0
37 5 0 0 1 1 0 1 1 0
38 3 1 1 2 0 0 1 0 0
40 4 0 0 3 0 0 0 0 0
fl=/build/eglibc-oGUzwX/eglibc-2.19/nptl/../nptl/pthread_mutex_lock.c
fn=pthread_mutex_lock
63 2 1 1 0 0 0 0 0 0
66 3 0 0 1 1 0 0 0 0
70 3 0 0 0 0 0 0 0 0
74 2 0 0 0 0 0 0 0 0
83 2 1 1 0 0 0 0 0 0
94 4 0 0 0 0 0 0 0 0
98 1 0 0 1 0 0 0 0 0
101 2 0 0 1 0 0 0 0 0
114 4 1 1 1 0 0 0 0 0
116 2 0 0 1 0 0 0 0 0
117 2 0 0 0 0 0 1 0 0
158 1 1 1 1 0 0 0 0 0
161 1 0 0 0 0 0 1 0 0
163 1 0 0 1 0 0 0 0 0
168 1 0 0 0 0 0 0 0 0
169 2 0 0 1 0 0 0 0 0
fl=/build/eglibc-oGUzwX/eglibc-2.19/nptl/../nptl/sysdeps/pthread/list.h
fn=__pthread_initialize_minimal
60 2 0 0 0 0 0 1 0 0
61 1 0 0 0 0 0 1 0 0
62 1 1 1 0 0 0 1 0 0
64 1 0 0 0 0 0 1 0 0
fl=/build/eglibc-oGUzwX/eglibc-2.19/nptl/../nptl/sysdeps/unix/sysv/linux/libc_pthread_init.c
fn=__libc_pthread_init
42 2 1 1 0 0 0 1 0 0
44 1 0 0 0 0 0 1 1 1
47 6 0 0 0 0 0 1 0 0
66 164 1 1 0 0 0 0 0 0
68 54 0 0 54 8 0 0 0 0
69 108 0 0 54 0 0 0 0 0
70 54 0 0 0 0 0 54 6 6
72 1 0 0 0 0 0 1 0 0
78 3 0 0 2 0 0 0 0 0
fl=/build/eglibc-oGUzwX/eglibc-2.19/nptl/../nptl/sysdeps/unix/sysv/linux/register-atfork.c
fn=__linkin_atfork
116 2 1 1 1 1 0 1 0 0
117 6 0 0 2 1 0 0 0 0
119 1 0 0 1 0 0 0 0 0
fn=__register_atfork
44 2 1 1 0 0 0 0 0 0
51 2 0 0 0 0 0 0 0 0
52 3 0 0 1 1 1 0 0 0
71 3 0 0 0 0 0 0 0 0
72 1 0 0 0 0 0 1 0 0
73 1 1 1 0 0 0 1 0 0
86 7 1 1 0 0 0 3 0 0
88 6 0 0 2 2 2 0 0 0
95 1 0 0 0 0 0 1 0 0
96 1 0 0 0 0 0 1 0 0
97 1 0 0 0 0 0 1 0 0
98 2 0 0 0 0 0 1 0 0
104 4 0 0 2 0 0 0 0 0
106 3 0 0 0 0 0 0 0 0
107 5 0 0 4 0 0 0 0 0
116 2 0 0 1 0 0 1 0 0
117 6 1 1 2 0 0 0 0 0
fl=/build/eglibc-oGUzwX/eglibc-2.19/nptl/../nptl/sysdeps/unix/sysv/linux/x86/elision-conf.c
fn=elision_init
64 1 1 1 0 0 0 0 0 0
65 5 0 0 1 0 0 2 0 0
69 2 0 0 1 0 0 0 0 0
fl=/build/eglibc-oGUzwX/eglibc-2.19/nptl/../nptl/sysdeps/unix/sysv/linux/x86_64/pthread_once.S
fn=pthread_once
44 32 1 1 32 1 1 0 0 0
45 32 0 0 0 0 0 0 0 0
46 30 0 0 0 0 0 0 0 0
47 30 0 0 30 0 0 0 0 0
50 2 0 0 0 0 0 2 0 0
52 2 0 0 0 0 0 0 0 0
56 2 1 1 2 0 0 0 0 0
58 2 0 0 0 0 0 0 0 0
60 2 0 0 0 0 0 0 0 0
61 2 0 0 0 0 0 0 0 0
63 2 0 0 0 0 0 0 0 0
64 2 0 0 2 0 0 0 0 0
65 2 0 0 0 0 0 0 0 0
67 2 0 0 2 0 0 0 0 0
69 2 0 0 0 0 0 0 0 0
72 2 0 0 0 0 0 0 0 0
73 2 0 0 0 0 0 0 0 0
97 2 0 0 0 0 0 2 0 0
99 2 0 0 0 0 0 2 0 0
103 2 0 0 2 0 0 2 0 0
107 2 1 1 2 1 0 0 0 0
111 2 0 0 4 0 0 0 0 0
114 2 0 0 0 0 0 0 0 0
118 2 0 0 0 0 0 0 0 0
120 2 0 0 0 0 0 0 0 0
125 2 0 0 0 0 0 0 0 0
126 2 0 0 0 0 0 0 0 0
128 2 0 0 0 0 0 0 0 0
130 2 0 0 0 0 0 0 0 0
131 2 0 0 2 0 0 0 0 0
fl=/build/eglibc-oGUzwX/eglibc-2.19/nptl/../sysdeps/unix/sysv/linux/bits/sigset.h
fn=__pthread_initialize_minimal
117 2 1 1 1 0 0 0 0 0
fl=/build/eglibc-oGUzwX/eglibc-2.19/nptl/../sysdeps/unix/sysv/linux/x86_64/sigaction.c
fn=__libc_sigaction
49 4 1 1 0 0 0 0 0 0
53 4 0 0 0 0 0 0 0 0
55 4 0 0 2 0 0 2 0 0
56 64 2 2 32 0 0 32 1 0
57 8 0 0 2 0 0 2 0 0
59 4 1 1 0 0 0 2 0 0
64 34 1 1 0 0 0 0 0 0
67 8 0 0 0 0 0 0 0 0
75 4 0 0 2 0 0 0 0 0
fl=/build/eglibc-oGUzwX/eglibc-2.19/nptl/../sysdeps/x86_64/multiarch/init-arch.c
fn=__get_cpu_features
31 7 0 0 0 0 0 4 0 0
37 3 0 0 0 0 0 0 0 0
38 3 0 0 0 0 0 0 0 0
39 2 1 1 0 0 0 0 0 0
54 3 0 0 0 0 0 1 0 0
57 6 1 1 0 0 0 0 0 0
59 4 0 0 0 0 0 0 0 0
65 3 0 0 0 0 0 0 0 0
66 2 0 0 0 0 0 0 0 0
71 2 0 0 0 0 0 0 0 0
74 12 1 1 0 0 0 0 0 0
101 2 1 1 0 0 0 0 0 0
123 1 0 0 1 1 1 0 0 0
152 2 1 1 1 0 0 0 0 0
153 7 1 1 0 0 0 4 0 0
160 3 0 0 1 0 0 0 0 0
164 2 0 0 0 0 0 0 0 0
166 3 0 0 0 0 0 0 0 0
170 2 0 0 0 0 0 0 0 0
171 1 0 0 1 0 0 0 0 0
173 2 0 0 0 0 0 0 0 0
176 2 1 1 1 0 0 0 0 0
184 6 1 1 0 0 0 0 0 0
185 4 0 0 0 0 0 0 0 0
186 2 0 0 0 0 0 0 0 0
189 1 0 0 0 0 0 1 0 0
190 1 0 0 0 0 0 1 0 0
192 1 0 0 0 0 0 1 0 0
199 1 0 0 0 0 0 1 0 0
200 3 1 1 1 1 1 0 0 0
204 3 0 0 2 0 0 0 0 0
fl=/build/eglibc-oGUzwX/eglibc-2.19/nptl/nptl-init.c
fn=__pthread_initialize_minimal
281 4 2 2 0 0 0 3 0 0
295 1 0 0 1 0 0 0 0 0
297 5 0 0 0 0 0 2 1 0
298 2 0 0 0 0 0 1 1 0
299 1 0 0 0 0 0 1 1 0
303 3 1 1 2 1 0 1 0 0
308 2 0 0 0 0 0 1 0 0
310 1 0 0 0 0 0 1 0 0
312 1 0 0 0 0 0 1 0 0
315 3 0 0 0 0 0 0 0 0
340 1 1 1 0 0 0 1 0 0
346 8 0 0 0 0 0 1 0 0
349 2 0 0 0 0 0 0 0 0
350 2 0 0 0 0 0 0 0 0
351 2 0 0 0 0 0 1 1 1
358 3 1 1 2 2 0 1 1 0
361 2 0 0 0 0 0 1 1 1
362 1 0 0 0 0 0 0 0 0
366 2 0 0 1 1 0 1 0 0
372 2 1 1 0 0 0 1 0 0
373 1 0 0 0 0 0 1 0 0
374 22 0 0 0 0 0 16 0 0
376 4 0 0 0 0 0 1 1 0
379 2 0 0 0 0 0 1 0 0
380 1 0 0 0 0 0 1 0 0
382 4 0 0 0 0 0 1 0 0
389 6 0 0 0 0 0 0 0 0
395 3 0 0 0 0 0 1 0 0
398 3 0 0 1 0 0 0 0 0
400 3 2 2 0 0 0 1 0 0
402 6 1 1 1 0 0 1 0 0
407 5 1 1 0 0 0 1 0 0
408 3 0 0 1 0 0 0 0 0
412 1 0 0 0 0 0 0 0 0
415 3 0 0 0 0 0 0 0 0
419 2 0 0 2 0 0 0 0 0
420 5 0 0 1 0 0 0 0 0
425 5 1 1 0 0 0 1 0 0
426 4 0 0 1 0 0 0 0 0
427 2 0 0 1 0 0 1 1 1
428 1 0 0 0 0 0 1 1 1
429 2 0 0 2 0 0 0 0 0
433 5 1 1 2 0 0 3 0 0
434 2 0 0 1 0 0 1 0 0
438 2 1 1 0 0 0 1 1 0
439 2 0 0 0 0 0 1 0 0
440 1 0 0 1 1 0 0 0 0
441 1 0 0 0 0 0 1 0 0
442 2 0 0 0 0 0 0 0 0
443 1 0 0 0 0 0 0 0 0
445 2 0 0 0 0 0 1 0 0
448 2 0 0 0 0 0 1 0 0
450 2 0 0 0 0 0 1 0 0
454 1 0 0 0 0 0 1 0 0
456 4 1 1 0 0 0 1 0 0
460 1 0 0 0 0 0 1 0 0
461 5 0 0 4 0 0 0 0 0
fl=/build/eglibc-oGUzwX/eglibc-2.19/nptl/pthread_mutex_unlock.c
fn=pthread_mutex_unlock
41 3 1 1 1 1 0 0 0 0
42 3 1 1 0 0 0 0 0 0
46 2 0 0 0 0 0 0 0 0
51 1 0 0 0 0 0 1 0 0
54 1 0 0 1 0 0 0 0 0
57 3 0 0 2 0 0 0 0 0
63 2 0 0 0 0 0 0 0 0
69 4 1 1 0 0 0 0 0 0
73 3 0 0 2 1 0 0 0 0
76 2 1 1 1 0 0 0 0 0
309 1 0 0 0 0 0 0 0 0
311 2 0 0 1 0 0 0 0 0
fl=/build/eglibc-oGUzwX/eglibc-2.19/posix/../sysdeps/unix/syscall-template.S
fn=uname
81 4 1 1 0 0 0 0 0 0
82 1 0 0 1 0 0 0 0 0
fl=/build/eglibc-oGUzwX/eglibc-2.19/resource/../sysdeps/unix/syscall-template.S
fn=getrlimit
81 4 1 1 0 0 0 0 0 0
82 1 0 0 1 0 0 0 0 0
fl=/build/eglibc-oGUzwX/eglibc-2.19/rt/../sysdeps/unix/clock_gettime.c
fn=clock_gettime
93 1 1 1 0 0 0 0 0 0
115 7 0 0 3 2 2 1 0 0
134 2 0 0 1 0 0 0 0 0
fl=/build/eglibc-oGUzwX/eglibc-2.19/setjmp/../sysdeps/x86_64/bsd-_setjmp.S
fn=_setjmp
30 1 1 1 0 0 0 0 0 0
32 1 0 0 0 0 0 0 0 0
fl=/build/eglibc-oGUzwX/eglibc-2.19/setjmp/../sysdeps/x86_64/setjmp.S
fn=__sigsetjmp
26 14 2 2 0 0 0 14 1 0
35 14 0 0 0 0 0 0 0 0
36 28 2 2 14 0 0 0 0 0
37 14 0 0 0 0 0 14 0 0
41 14 0 0 0 0 0 14 0 0
42 14 0 0 0 0 0 14 0 0
43 14 0 0 0 0 0 14 1 0
44 14 0 0 0 0 0 14 1 1
45 14 0 0 0 0 0 0 0 0
47 28 0 0 14 0 0 0 0 0
49 14 0 0 0 0 0 14 0 0
50 14 0 0 14 0 0 0 0 0
53 28 0 0 14 0 0 0 0 0
55 14 1 1 0 0 0 14 0 0
59 13 0 0 0 0 0 0 0 0
60 13 0 0 13 0 0 0 0 0
64 1 0 0 0 0 0 0 0 0
fl=/build/eglibc-oGUzwX/eglibc-2.19/setjmp/sigjmp.c
fn=__sigjmp_save
28 2 0 0 0 0 0 1 0 0
29 4 0 0 0 0 0 1 0 0
34 3 0 0 2 0 0 0 0 0
fl=/build/eglibc-oGUzwX/eglibc-2.19/stdlib/cxa_atexit.c
fn=__cxa_atexit
35 10 0 0 0 0 0 5 0 0
37 10 0 0 0 0 0 0 0 0
41 15 1 1 5 0 0 0 0 0
43 5 0 0 0 0 0 5 0 0
44 5 0 0 0 0 0 5 2 0
45 5 0 0 0 0 0 5 0 0
47 5 0 0 0 0 0 5 0 0
48 5 0 0 0 0 0 0 0 0
57 30 1 1 0 0 0 15 0 0
59 20 0 0 20 0 0 0 0 0
fn=__new_exitfn
73 20 1 1 0 0 0 10 0 0
74 10 0 0 0 0 0 0 0 0
79 30 1 1 10 3 1 0 0 0
81 24 1 1 6 2 0 0 0 0
83 23 0 0 5 2 0 0 0 0
84 20 0 0 4 1 0 0 0 0
91 1 0 0 0 0 0 1 0 0
94 8 0 0 0 0 0 0 0 0
112 1 1 1 0 0 0 0 0 0
113 2 0 0 0 0 0 1 0 0
119 12 0 0 0 0 0 0 0 0
120 8 0 0 0 0 0 4 0 0
126 5 1 1 0 0 0 5 1 0
127 5 0 0 5 2 1 0 0 0
130 20 1 0 10 0 0 0 0 0
133 25 0 0 15 0 0 0 0 0
fl=/build/eglibc-oGUzwX/eglibc-2.19/stdlib/rand.c
fn=rand
26 100000000 1 1 0 0 0 0 0 0
27 100000000 0 0 0 0 0 100000000 0 0
28 200000000 0 0 100000000 0 0 0 0 0
fl=/build/eglibc-oGUzwX/eglibc-2.19/stdlib/random.c
fn=random
293 100000000 1 1 0 0 0 0 0 0
296 600000000 1 1 200000000 1 0 0 0 0
298 300000000 0 0 0 0 0 100000000 0 0
300 400000000 1 1 200000000 0 0 0 0 0
302 100000000 0 0 100000000 0 0 0 0 0
303 200000000 0 0 100000000 0 0 0 0 0
fn=srand
210 2 1 1 0 0 0 0 0 0
211 6 1 1 2 1 1 0 0 0
212 3 0 0 0 0 0 1 0 0
213 4 1 1 2 0 0 0 0 0
214 2 0 0 1 0 0 0 0 0
fl=/build/eglibc-oGUzwX/eglibc-2.19/stdlib/random_r.c
fn=random_r
366 400001240 1 1 0 0 0 0 0 0
369 103226126 0 0 100000310 0 0 0 0 0
371 300000930 0 0 100000310 1 0 0 0 0
380 100000310 0 0 100000310 0 0 0 0 0
381 100000310 0 0 100000310 0 0 0 0 0
382 100000310 0 0 100000310 1 0 0 0 0
385 300000930 0 0 200000620 2 0 100000310 0 0
387 200000620 1 1 0 0 0 100000310 0 0
388 100000310 0 0 0 0 0 0 0 0
389 200000620 0 0 0 0 0 0 0 0
392 3225816 0 0 0 0 0 0 0 0
396 96774494 0 0 0 0 0 0 0 0
397 193548988 0 0 0 0 0 0 0 0
400 100000310 0 0 0 0 0 100000310 0 0
401 200000620 0 0 100000310 0 0 100000310 0 0
403 100000310 0 0 0 0 0 0 0 0
fn=srandom_r
164 5 1 1 0 0 0 3 0 0
172 2 1 1 0 0 0 0 0 0
174 1 0 0 1 0 0 0 0 0
175 2 0 0 0 0 0 0 0 0
178 1 0 0 1 0 0 0 0 0
180 3 0 0 0 0 0 0 0 0
182 1 0 0 0 0 0 1 1 1
183 2 0 0 0 0 0 0 0 0
188 1 0 0 1 0 0 0 0 0
189 95 2 2 0 0 0 0 0 0
194 211 0 0 0 0 0 0 0 0
195 60 0 0 0 0 0 0 0 0
196 90 0 0 0 0 0 0 0 0
198 90 0 0 0 0 0 0 0 0
199 30 0 0 0 0 0 30 1 1
202 3 0 0 1 1 0 1 0 0
203 2 0 0 0 0 0 1 0 0
204 1 0 0 0 0 0 0 0 0
205 934 1 1 0 0 0 0 0 0
208 930 0 0 0 0 0 310 0 0
212 1 0 0 0 0 0 0 0 0
216 5 0 0 4 0 0 0 0 0
fl=/build/eglibc-oGUzwX/eglibc-2.19/string/../bits/stdlib-bsearch.h
fn=intel_check_word
27 8 1 1 0 0 0 0 0 0
28 16 0 0 0 0 0 0 0 0
29 110 1 1 0 0 0 0 0 0
31 154 0 0 0 0 0 0 0 0
32 54 1 1 0 0 0 0 0 0
37 8 0 0 0 0 0 0 0 0
fl=/build/eglibc-oGUzwX/eglibc-2.19/string/../string/memcmp.c
fn=bcmp
105 30 0 0 30 0 0 0 0 0
106 60 0 0 30 0 0 0 0 0
110 66 1 1 0 0 0 0 0 0
111 18 1 1 0 0 0 0 0 0
129 49 1 1 0 0 0 0 0 0
133 7 1 1 7 2 2 0 0 0
134 7 0 0 7 0 0 0 0 0
135 7 0 0 0 0 0 0 0 0
136 7 0 0 0 0 0 0 0 0
137 7 1 1 0 0 0 0 0 0
183 7 0 0 7 0 0 0 0 0
184 7 0 0 7 0 0 0 0 0
185 50 0 0 0 0 0 12 1 1
192 2 1 1 0 0 0 0 0 0
197 2 1 1 0 0 0 0 0 0
221 3 0 0 0 0 0 0 0 0
222 6 0 0 0 0 0 0 0 0
226 6 0 0 0 0 0 0 0 0
228 21 1 1 0 0 0 0 0 0
232 3 0 0 3 0 0 0 0 0
233 3 0 0 3 0 0 0 0 0
234 3 0 0 3 0 0 0 0 0
235 3 0 0 0 0 0 0 0 0
236 3 0 0 0 0 0 0 0 0
237 3 0 0 0 0 0 0 0 0
289 3 0 0 3 0 0 0 0 0
290 3 0 0 3 0 0 0 0 0
291 18 0 0 0 0 0 0 0 0
292 6 0 0 0 0 0 0 0 0
299 6 0 0 0 0 0 0 0 0
304 18 1 1 0 0 0 0 0 0
305 6 0 0 0 0 0 0 0 0
315 182 2 2 0 0 0 156 1 1
318 26 0 0 0 0 0 0 0 0
319 26 0 0 0 0 0 0 0 0
322 52 0 0 0 0 0 0 0 0
326 30 0 0 0 0 0 0 0 0
342 30 1 1 0 0 0 0 0 0
343 20 0 0 0 0 0 0 0 0
346 12 0 0 0 0 0 0 0 0
350 12 0 0 0 0 0 0 0 0
351 4 0 0 0 0 0 0 0 0
352 4 0 0 0 0 0 0 0 0
356 288 1 1 0 0 0 0 0 0
358 125 0 0 125 1 1 0 0 0
359 125 0 0 125 6 6 0 0 0
360 125 0 0 0 0 0 0 0 0
363 406 0 0 0 0 0 0 0 0
368 19 1 1 0 0 0 0 0 0
369 208 0 0 182 0 0 0 0 0
fl=/build/eglibc-oGUzwX/eglibc-2.19/string/../string/memmove.c
fn=memmove
49 20 1 1 0 0 0 12 0 0
55 16 0 0 0 0 0 0 0 0
63 16 0 0 0 0 0 0 0 0
66 10 1 1 0 0 0 0 0 0
67 4 0 0 0 0 0 0 0 0
79 36 1 1 2 0 0 4 0 0
85 66 0 0 10 0 0 10 0 0
116 20 1 1 16 0 0 0 0 0
fl=/build/eglibc-oGUzwX/eglibc-2.19/string/../sysdeps/x86_64/memcpy.S
fn=mempcpy
61 32 1 1 0 0 0 0 0 0
65 32 0 0 0 0 0 0 0 0
68 30 0 0 0 0 0 0 0 0
69 30 0 0 0 0 0 0 0 0
71 14 0 0 14 1 1 0 0 0
72 14 0 0 0 0 0 14 2 2
74 14 1 1 0 0 0 0 0 0
75 14 0 0 0 0 0 0 0 0
80 30 0 0 0 0 0 0 0 0
81 30 0 0 0 0 0 0 0 0
83 18 0 0 18 0 0 0 0 0
84 18 0 0 0 0 0 18 1 1
86 18 0 0 0 0 0 0 0 0
87 18 0 0 0 0 0 0 0 0
92 30 0 0 0 0 0 0 0 0
93 30 0 0 0 0 0 0 0 0
95 16 0 0 16 0 0 0 0 0
96 16 0 0 0 0 0 16 0 0
98 16 0 0 0 0 0 0 0 0
99 16 0 0 0 0 0 0 0 0
104 30 0 0 0 0 0 0 0 0
105 30 0 0 0 0 0 0 0 0
107 15 0 0 15 0 0 0 0 0
108 15 0 0 0 0 0 15 1 1
110 15 0 0 0 0 0 0 0 0
111 30 0 0 0 0 0 0 0 0
116 30 1 1 0 0 0 0 0 0
117 33 0 0 0 0 0 0 0 0
122 3 0 0 3 1 0 0 0 0
123 3 0 0 3 0 0 0 0 0
124 3 0 0 0 0 0 3 1 1
125 3 0 0 0 0 0 3 0 0
127 3 0 0 0 0 0 0 0 0
129 3 0 0 0 0 0 0 0 0
130 3 0 0 0 0 0 0 0 0
132 3 0 0 0 0 0 0 0 0
138 30 0 0 0 0 0 0 0 0
142 30 0 0 30 0 0 0 0 0
154 6 0 0 0 0 0 0 0 0
156 6 0 0 0 0 0 0 0 0
157 6 0 0 0 0 0 0 0 0
183 6 1 1 0 0 0 0 0 0
184 6 0 0 0 0 0 0 0 0
187 6 0 0 0 0 0 0 0 0
188 6 0 0 0 0 0 0 0 0
189 6 0 0 0 0 0 0 0 0
194 6 0 0 0 0 0 0 0 0
196 6 0 0 6 0 0 0 0 0
197 6 0 0 6 0 0 0 0 0
198 6 0 0 6 0 0 0 0 0
199 6 1 1 6 0 0 0 0 0
201 6 0 0 0 0 0 6 1 1
202 6 0 0 0 0 0 6 2 2
203 6 0 0 0 0 0 6 0 0
204 6 0 0 0 0 0 6 1 1
206 6 0 0 0 0 0 0 0 0
207 6 0 0 0 0 0 0 0 0
209 6 0 0 0 0 0 0 0 0
231 6 1 1 0 0 0 0 0 0
233 6 0 0 0 0 0 0 0 0
235 2 0 0 0 0 0 0 0 0
242 2 0 0 2 0 0 0 0 0
fl=/build/eglibc-oGUzwX/eglibc-2.19/string/../sysdeps/x86_64/multiarch/../cacheinfo.c
fn=handle_intel
305 16 0 0 0 0 0 12 0 0
306 4 1 1 0 0 0 0 0 0
317 6 1 1 0 0 0 2 0 0
319 2 0 0 0 0 0 2 0 0
320 4 0 0 0 0 0 2 0 0
322 2 0 0 0 0 0 0 0 0
328 8 2 2 0 0 0 2 0 0
333 4 0 0 0 0 0 0 0 0
335 6 0 0 0 0 0 2 0 0
336 2 0 0 0 0 0 0 0 0
340 10 0 0 0 0 0 2 0 0
341 4 0 0 0 0 0 0 0 0
344 10 0 0 0 0 0 2 0 0
345 4 0 0 0 0 0 0 0 0
362 16 1 1 14 0 0 0 0 0
fn=init_cacheinfo
550 3 1 1 0 0 0 3 0 0
563 3 0 0 1 1 0 0 0 0
570 2 0 0 0 0 0 0 0 0
572 4 0 0 1 0 0 1 0 0
575 1 0 0 0 0 0 0 0 0
576 4 1 1 1 0 0 1 0 0
578 2 0 0 0 0 0 0 0 0
589 1 0 0 1 0 0 0 0 0
607 4 0 0 1 0 0 0 0 0
614 17 1 1 0 0 0 0 0 0
620 8 0 0 0 0 0 0 0 0
623 20 0 0 0 0 0 0 0 0
625 2 1 1 0 0 0 0 0 0
631 5 0 0 0 0 0 0 0 0
638 9 1 1 0 0 0 0 0 0
640 2 0 0 0 0 0 0 0 0
642 8 0 0 0 0 0 0 0 0
644 4 0 0 0 0 0 0 0 0
649 1 1 1 0 0 0 0 0 0
651 4 0 0 0 0 0 0 0 0
652 2 0 0 0 0 0 0 0 0
653 1 0 0 0 0 0 0 0 0
657 2 0 0 0 0 0 0 0 0
669 4 0 0 0 0 0 0 0 0
670 5 1 1 0 0 0 0 0 0
744 2 0 0 0 0 0 0 0 0
746 3 1 1 0 0 0 1 0 0
747 1 0 0 0 0 0 1 1 1
749 1 0 0 0 0 0 0 0 0
750 3 0 0 0 0 0 1 0 0
751 1 0 0 0 0 0 1 0 0
754 2 0 0 0 0 0 0 0 0
756 3 0 0 0 0 0 1 0 0
757 1 0 0 0 0 0 1 1 1
759 1 0 0 0 0 0 0 0 0
760 3 0 0 0 0 0 1 0 0
761 1 0 0 0 0 0 1 0 0
763 4 0 0 4 0 0 0 0 0
fn=intel_check_word
150 108 0 0 54 6 6 0 0 0
153 54 0 0 0 0 0 0 0 0
161 16 0 0 0 0 0 12 0 0
162 8 1 1 0 0 0 0 0 0
164 2 0 0 0 0 0 0 0 0
168 28 0 0 0 0 0 0 0 0
170 32 0 0 0 0 0 0 0 0
172 10 1 1 0 0 0 0 0 0
174 20 0 0 0 0 0 0 0 0
182 20 0 0 0 0 0 0 0 0
194 39 0 0 0 0 0 0 0 0
199 16 1 1 0 0 0 0 0 0
203 10 1 1 0 0 0 0 0 0
205 5 1 1 0 0 0 0 0 0
210 8 0 0 0 0 0 0 0 0
213 2 1 1 0 0 0 0 0 0
215 4 0 0 0 0 0 0 0 0
217 10 1 1 0 0 0 0 0 0
218 8 0 0 0 0 0 0 0 0
219 8 0 0 0 0 0 0 0 0
220 2 0 0 0 0 0 0 0 0
228 3 0 0 0 0 0 0 0 0
235 16 0 0 0 0 0 0 0 0
295 8 0 0 0 0 0 0 0 0
300 16 0 0 16 0 0 0 0 0
fl=/build/eglibc-oGUzwX/eglibc-2.19/string/../sysdeps/x86_64/multiarch/../memcmp.S
fn=__GI_memcmp
24 41 1 1 0 0 0 0 0 0
25 41 0 0 0 0 0 0 0 0
26 41 0 0 0 0 0 0 0 0
27 41 0 0 0 0 0 0 0 0
28 41 0 0 0 0 0 0 0 0
29 41 0 0 0 0 0 0 0 0
30 41 0 0 0 0 0 0 0 0
31 41 0 0 0 0 0 0 0 0
34 41 0 0 0 0 0 0 0 0
35 41 0 0 0 0 0 0 0 0
36 40 0 0 40 0 0 0 0 0
37 40 1 1 40 0 0 0 0 0
38 40 0 0 0 0 0 0 0 0
39 40 0 0 0 0 0 0 0 0
40 40 0 0 0 0 0 0 0 0
41 40 0 0 0 0 0 0 0 0
42 40 0 0 0 0 0 0 0 0
44 10 0 0 0 0 0 0 0 0
45 10 0 0 0 0 0 0 0 0
46 1 0 0 1 0 0 0 0 0
47 1 0 0 1 0 0 0 0 0
48 1 0 0 0 0 0 0 0 0
49 1 0 0 0 0 0 0 0 0
50 1 0 0 0 0 0 0 0 0
51 1 0 0 0 0 0 0 0 0
52 1 0 0 0 0 0 0 0 0
54 10 0 0 0 0 0 0 0 0
55 10 0 0 0 0 0 0 0 0
56 10 1 1 10 0 0 0 0 0
57 10 0 0 10 0 0 0 0 0
58 10 0 0 0 0 0 0 0 0
59 10 0 0 0 0 0 0 0 0
94 31 0 0 31 0 0 0 0 0
98 10 1 1 0 0 0 0 0 0
99 10 0 0 0 0 0 0 0 0
100 1 0 0 0 0 0 0 0 0
101 1 0 0 0 0 0 0 0 0
102 1 0 0 0 0 0 0 0 0
103 1 0 0 0 0 0 0 0 0
104 1 0 0 0 0 0 0 0 0
105 1 0 0 0 0 0 0 0 0
106 1 0 0 0 0 0 0 0 0
107 1 0 0 0 0 0 0 0 0
108 1 0 0 0 0 0 0 0 0
109 1 0 0 0 0 0 0 0 0
110 1 0 0 1 0 0 0 0 0
114 9 1 1 0 0 0 0 0 0
115 9 0 0 9 0 0 0 0 0
fl=/build/eglibc-oGUzwX/eglibc-2.19/string/../sysdeps/x86_64/multiarch/../memcpy.S
fn=memcpy
61 30 1 1 0 0 0 0 0 0
63 30 0 0 0 0 0 0 0 0
65 30 0 0 0 0 0 0 0 0
68 27 0 0 0 0 0 0 0 0
69 27 0 0 0 0 0 0 0 0
71 6 0 0 6 0 0 0 0 0
72 6 0 0 0 0 0 6 3 3
74 6 0 0 0 0 0 0 0 0
75 6 0 0 0 0 0 0 0 0
80 27 0 0 0 0 0 0 0 0
81 27 0 0 0 0 0 0 0 0
83 8 0 0 8 0 0 0 0 0
84 8 0 0 0 0 0 8 3 3
86 8 0 0 0 0 0 0 0 0
87 16 0 0 0 0 0 0 0 0
92 27 1 1 0 0 0 0 0 0
93 27 0 0 0 0 0 0 0 0
95 7 0 0 7 0 0 0 0 0
96 7 0 0 0 0 0 7 1 1
98 7 0 0 0 0 0 0 0 0
99 7 0 0 0 0 0 0 0 0
104 27 0 0 0 0 0 0 0 0
105 27 0 0 0 0 0 0 0 0
107 13 0 0 13 0 0 0 0 0
108 13 0 0 0 0 0 13 1 1
110 13 0 0 0 0 0 0 0 0
111 13 0 0 0 0 0 0 0 0
116 27 0 0 0 0 0 0 0 0
117 39 0 0 0 0 0 0 0 0
122 12 0 0 12 0 0 0 0 0
123 12 0 0 12 0 0 0 0 0
124 12 0 0 0 0 0 12 2 2
125 12 0 0 0 0 0 12 3 3
127 12 0 0 0 0 0 0 0 0
129 12 0 0 0 0 0 0 0 0
130 12 0 0 0 0 0 0 0 0
132 12 0 0 0 0 0 0 0 0
140 27 1 1 27 0 0 0 0 0
148 12 0 0 0 0 0 12 0 0
154 12 0 0 0 0 0 0 0 0
156 12 0 0 0 0 0 0 0 0
157 12 0 0 0 0 0 0 0 0
160 3 0 0 0 0 0 0 0 0
161 6 0 0 0 0 0 0 0 0
166 9 1 1 9 0 0 0 0 0
167 9 0 0 0 0 0 9 0 0
169 9 0 0 0 0 0 0 0 0
171 9 0 0 0 0 0 0 0 0
172 9 0 0 0 0 0 0 0 0
174 12 0 0 0 0 0 0 0 0
183 12 0 0 0 0 0 0 0 0
184 12 0 0 0 0 0 0 0 0
187 12 0 0 0 0 0 0 0 0
188 12 0 0 0 0 0 0 0 0
189 12 0 0 0 0 0 0 0 0
194 15 0 0 0 0 0 0 0 0
196 15 0 0 15 1 1 0 0 0
197 15 0 0 15 0 0 0 0 0
198 15 0 0 15 0 0 0 0 0
199 15 1 1 15 0 0 0 0 0
201 15 0 0 0 0 0 15 7 7
202 15 0 0 0 0 0 15 0 0
203 15 0 0 0 0 0 15 2 2
204 15 0 0 0 0 0 15 0 0
206 15 0 0 0 0 0 0 0 0
207 15 0 0 0 0 0 0 0 0
209 15 0 0 0 0 0 0 0 0
211 5 0 0 0 0 0 0 0 0
213 5 0 0 5 4 4 0 0 0
214 5 0 0 5 0 0 0 0 0
215 5 0 0 5 0 0 0 0 0
216 5 0 0 5 0 0 0 0 0
218 5 0 0 0 0 0 5 0 0
219 5 0 0 0 0 0 5 0 0
220 5 0 0 0 0 0 5 0 0
221 5 0 0 0 0 0 5 0 0
223 5 0 0 0 0 0 0 0 0
224 5 0 0 0 0 0 0 0 0
226 7 0 0 0 0 0 0 0 0
231 12 1 1 0 0 0 0 0 0
237 12 0 0 12 0 0 0 0 0
238 12 0 0 0 0 0 0 0 0
240 3 0 0 3 0 0 0 0 0
fl=/build/eglibc-oGUzwX/eglibc-2.19/string/../sysdeps/x86_64/multiarch/../rtld-strlen.S
fn=strlen
26 29 1 1 0 0 0 0 0 0
27 29 0 0 0 0 0 0 0 0
28 29 0 0 0 0 0 0 0 0
29 29 0 0 0 0 0 0 0 0
31 16 0 0 0 0 0 0 0 0
32 16 0 0 0 0 0 0 0 0
34 67 0 0 67 0 0 0 0 0
35 67 0 0 0 0 0 0 0 0
36 66 0 0 0 0 0 0 0 0
37 66 0 0 0 0 0 0 0 0
38 66 0 0 0 0 0 0 0 0
40 56 0 0 0 0 0 0 0 0
45 38 1 1 38 0 0 0 0 0
46 38 0 0 0 0 0 0 0 0
47 38 0 0 0 0 0 0 0 0
48 38 0 0 0 0 0 0 0 0
51 38 0 0 0 0 0 0 0 0
52 33 0 0 0 0 0 0 0 0
53 33 0 0 0 0 0 0 0 0
54 33 0 0 0 0 0 0 0 0
56 33 0 0 0 0 0 0 0 0
59 26 0 0 26 1 1 0 0 0
60 26 0 0 0 0 0 0 0 0
61 26 0 0 0 0 0 0 0 0
62 26 0 0 0 0 0 0 0 0
65 26 0 0 0 0 0 0 0 0
66 20 0 0 0 0 0 0 0 0
67 20 0 0 0 0 0 0 0 0
68 20 0 0 0 0 0 0 0 0
70 20 0 0 0 0 0 0 0 0
73 14 0 0 14 1 1 0 0 0
74 14 0 0 0 0 0 0 0 0
75 14 0 0 0 0 0 0 0 0
76 14 0 0 0 0 0 0 0 0
79 14 0 0 0 0 0 0 0 0
80 14 0 0 0 0 0 0 0 0
81 14 0 0 0 0 0 0 0 0
82 14 0 0 0 0 0 0 0 0
84 14 0 0 0 0 0 0 0 0
87 14 0 0 14 0 0 0 0 0
88 14 0 0 0 0 0 0 0 0
89 14 0 0 0 0 0 0 0 0
90 14 0 0 0 0 0 0 0 0
93 14 0 0 0 0 0 0 0 0
94 10 0 0 0 0 0 0 0 0
95 10 0 0 0 0 0 0 0 0
96 10 0 0 0 0 0 0 0 0
98 10 0 0 0 0 0 0 0 0
101 28 1 1 0 0 0 0 0 0
103 28 0 0 0 0 0 0 0 0
104 28 0 0 0 0 0 0 0 0
105 26 0 0 0 0 0 0 0 0
107 26 0 0 0 0 0 0 0 0
108 26 0 0 0 0 0 0 0 0
109 25 1 1 0 0 0 0 0 0
111 25 0 0 0 0 0 0 0 0
112 25 0 0 0 0 0 0 0 0
113 21 0 0 0 0 0 0 0 0
115 21 0 0 0 0 0 0 0 0
116 21 0 0 0 0 0 0 0 0
117 18 0 0 0 0 0 0 0 0
119 18 0 0 0 0 0 0 0 0
121 18 0 0 0 0 0 0 0 0
122 18 0 0 0 0 0 0 0 0
123 15 0 0 0 0 0 0 0 0
125 15 0 0 0 0 0 0 0 0
126 15 0 0 0 0 0 0 0 0
127 12 0 0 0 0 0 0 0 0
129 12 0 0 0 0 0 0 0 0
130 12 0 0 0 0 0 0 0 0
131 9 0 0 0 0 0 0 0 0
133 29 0 0 0 0 0 0 0 0
134 29 0 0 29 0 0 0 0 0
fl=/build/eglibc-oGUzwX/eglibc-2.19/string/../sysdeps/x86_64/multiarch/../strchr.S
fn=index
24 21 1 1 0 0 0 0 0 0
25 21 0 0 0 0 0 0 0 0
26 21 0 0 0 0 0 0 0 0
27 21 0 0 0 0 0 0 0 0
28 21 0 0 0 0 0 0 0 0
29 21 0 0 0 0 0 0 0 0
30 21 0 0 0 0 0 0 0 0
31 21 0 0 0 0 0 0 0 0
32 21 0 0 21 6 6 0 0 0
33 21 0 0 0 0 0 0 0 0
34 21 0 0 0 0 0 0 0 0
35 21 0 0 0 0 0 0 0 0
36 21 0 0 0 0 0 0 0 0
37 21 0 0 0 0 0 0 0 0
38 21 0 0 0 0 0 0 0 0
39 21 1 1 0 0 0 0 0 0
40 21 0 0 0 0 0 0 0 0
41 17 0 0 0 0 0 0 0 0
45 17 0 0 0 0 0 0 0 0
46 17 0 0 0 0 0 0 0 0
47 17 0 0 17 0 0 0 0 0
48 17 0 0 0 0 0 0 0 0
50 17 0 0 17 0 0 0 0 0
54 4 0 0 4 0 0 0 0 0
55 4 0 0 0 0 0 0 0 0
56 4 0 0 0 0 0 0 0 0
57 4 0 0 0 0 0 0 0 0
58 4 0 0 0 0 0 0 0 0
59 4 0 0 0 0 0 0 0 0
60 4 0 0 4 1 1 0 0 0
61 4 0 0 0 0 0 0 0 0
62 4 0 0 0 0 0 0 0 0
63 4 1 1 0 0 0 0 0 0
64 4 0 0 0 0 0 0 0 0
65 4 0 0 0 0 0 0 0 0
66 4 0 0 0 0 0 0 0 0
67 4 0 0 4 1 1 0 0 0
68 4 0 0 0 0 0 0 0 0
69 4 0 0 0 0 0 0 0 0
70 4 0 0 0 0 0 0 0 0
71 4 0 0 0 0 0 0 0 0
72 4 0 0 0 0 0 0 0 0
73 4 0 0 0 0 0 0 0 0
74 4 0 0 0 0 0 0 0 0
75 4 0 0 0 0 0 0 0 0
76 4 0 0 0 0 0 0 0 0
77 4 0 0 0 0 0 0 0 0
129 4 1 1 0 0 0 0 0 0
133 4 0 0 0 0 0 0 0 0
134 4 0 0 0 0 0 0 0 0
135 4 0 0 4 0 0 0 0 0
136 4 0 0 0 0 0 0 0 0
138 4 0 0 4 0 0 0 0 0
fl=/build/eglibc-oGUzwX/eglibc-2.19/string/../sysdeps/x86_64/multiarch/../strcmp.S
fn=__strcmp_ssse3
180 8 1 1 0 0 0 0 0 0
181 8 0 0 0 0 0 0 0 0
183 8 0 0 0 0 0 0 0 0
184 8 0 0 0 0 0 0 0 0
205 8 0 0 0 0 0 0 0 0
206 8 0 0 0 0 0 0 0 0
207 8 0 0 0 0 0 0 0 0
208 8 0 0 0 0 0 0 0 0
209 8 0 0 8 0 0 0 0 0
210 8 0 0 8 0 0 0 0 0
211 8 0 0 8 0 0 0 0 0
212 8 0 0 8 0 0 0 0 0
233 8 0 0 0 0 0 0 0 0
234 8 0 0 0 0 0 0 0 0
235 8 0 0 0 0 0 0 0 0
236 8 0 0 0 0 0 0 0 0
237 8 0 0 0 0 0 0 0 0
238 8 1 1 0 0 0 0 0 0
239 8 0 0 0 0 0 0 0 0
2247 8 1 1 0 0 0 0 0 0
2253 8 0 0 8 0 0 0 0 0
2254 8 0 0 8 0 0 0 0 0
2262 8 0 0 0 0 0 0 0 0
2263 8 0 0 8 0 0 0 0 0
fn=strcmp
131 17913 1 1 17913 125 48 0 0 0
132 17913 0 0 17913 53 16 0 0 0
133 17913 0 0 0 0 0 0 0 0
134 17271 0 0 0 0 0 0 0 0
135 17271 0 0 0 0 0 0 0 0
136 17271 0 0 0 0 0 0 0 0
137 17271 0 0 0 0 0 0 0 0
139 1388 0 0 0 0 0 0 0 0
140 1388 0 0 1388 0 0 0 0 0
142 642 0 0 0 0 0 0 0 0
143 642 0 0 0 0 0 0 0 0
144 642 0 0 0 0 0 0 0 0
145 642 0 0 642 0 0 0 0 0
fl=/build/eglibc-oGUzwX/eglibc-2.19/string/../sysdeps/x86_64/multiarch/memmove.c
fn=memcpy@GLIBC_2.2.5
49 1 1 1 0 0 0 0 0 0
fl=/build/eglibc-oGUzwX/eglibc-2.19/string/../sysdeps/x86_64/multiarch/strcmp.S
fn=strcasecmp
114 1 1 1 1 1 1 0 0 0
115 1 0 0 0 0 0 0 0 0
116 1 0 0 0 0 0 1 0 0
119 1 0 0 0 0 0 0 0 0
120 1 0 0 1 0 0 0 0 0
121 1 0 0 0 0 0 0 0 0
132 1 1 1 1 0 0 0 0 0
fn=strcmp
88 1 1 1 1 1 0 0 0 0
89 1 0 0 0 0 0 0 0 0
93 1 0 0 0 0 0 0 0 0
94 1 0 0 1 0 0 0 0 0
95 1 1 1 0 0 0 0 0 0
103 1 0 0 0 0 0 0 0 0
104 1 0 0 1 0 0 0 0 0
105 1 0 0 0 0 0 0 0 0
107 1 0 0 1 0 0 0 0 0
fn=strncasecmp
140 1 1 1 1 0 0 0 0 0
141 1 0 0 0 0 0 0 0 0
145 1 0 0 0 0 0 0 0 0
146 1 0 0 1 0 0 0 0 0
147 1 0 0 0 0 0 0 0 0
158 1 1 1 1 0 0 0 0 0
fl=/build/eglibc-oGUzwX/eglibc-2.19/string/../sysdeps/x86_64/rtld-memset.S
fn=memset
30 19 0 0 0 0 0 0 0 0
31 19 0 0 0 0 0 0 0 0
32 19 0 0 0 0 0 0 0 0
33 8473 0 0 0 0 0 8454 136 136
34 19 0 0 0 0 0 0 0 0
35 19 0 0 19 0 0 0 0 0
fl=/build/eglibc-oGUzwX/eglibc-2.19/string/../sysdeps/x86_64/strlen.S
fn=strlen
66 58 1 1 0 0 0 0 0 0
67 58 0 0 0 0 0 0 0 0
68 58 0 0 0 0 0 0 0 0
69 58 1 1 0 0 0 0 0 0
70 58 0 0 0 0 0 0 0 0
71 58 0 0 0 0 0 0 0 0
72 58 0 0 0 0 0 0 0 0
74 58 0 0 0 0 0 0 0 0
76 58 0 0 0 0 0 0 0 0
106 58 0 0 58 4 4 0 0 0
107 58 0 0 0 0 0 0 0 0
108 58 0 0 0 0 0 0 0 0
109 58 0 0 0 0 0 0 0 0
110 58 0 0 0 0 0 0 0 0
111 58 0 0 0 0 0 0 0 0
112 58 0 0 58 0 0 0 0 0
fl=/build/eglibc-oGUzwX/eglibc-2.19/string/../sysdeps/x86_64/strrchr.S
fn=rindex
24 1 1 1 0 0 0 0 0 0
25 1 0 0 0 0 0 0 0 0
26 1 0 0 0 0 0 0 0 0
27 1 0 0 0 0 0 0 0 0
28 1 1 1 0 0 0 0 0 0
29 1 0 0 0 0 0 0 0 0
30 1 0 0 0 0 0 0 0 0
31 1 0 0 0 0 0 0 0 0
32 1 0 0 1 1 0 0 0 0
33 1 0 0 0 0 0 0 0 0
34 1 0 0 0 0 0 0 0 0
35 1 0 0 0 0 0 0 0 0
36 1 0 0 0 0 0 0 0 0
37 1 0 0 0 0 0 0 0 0
38 1 0 0 0 0 0 0 0 0
39 1 0 0 0 0 0 0 0 0
40 1 0 0 0 0 0 0 0 0
41 1 0 0 0 0 0 0 0 0
42 1 0 0 0 0 0 0 0 0
43 1 0 0 0 0 0 0 0 0
44 1 1 1 0 0 0 0 0 0
45 1 0 0 0 0 0 0 0 0
46 1 0 0 0 0 0 0 0 0
47 1 0 0 1 0 0 0 0 0
fl=/build/eglibc-oGUzwX/eglibc-2.19/string/wordcopy.c
fn=_wordcopy_fwd_aligned
38 12 1 1 2 1 1 0 0 0
41 1 0 0 1 0 0 0 0 0
42 1 0 0 0 0 0 0 0 0
43 1 0 0 0 0 0 0 0 0
44 1 0 0 0 0 0 0 0 0
45 1 0 0 0 0 0 0 0 0
47 1 1 1 1 0 0 0 0 0
48 1 0 0 0 0 0 0 0 0
49 1 0 0 0 0 0 0 0 0
50 1 0 0 0 0 0 0 0 0
51 1 0 0 0 0 0 0 0 0
115 1 1 1 1 0 0 0 0 0
116 1 0 0 0 0 0 1 0 0
118 2 0 0 2 0 0 0 0 0
119 2 0 0 0 0 0 2 0 0
122 2 0 0 0 0 0 0 0 0
125 4 0 0 0 0 0 0 0 0
130 4 1 1 2 0 0 2 0 0
fl=/build/eglibc-oGUzwX/eglibc-2.19/time/../sysdeps/generic/dl-hash.h
fn=gettimeofday
43 1 0 0 0 0 0 0 0 0
44 1 0 0 0 0 0 0 0 0
45 13 0 0 4 0 0 0 0 0
48 12 0 0 0 0 0 0 0 0
49 8 0 0 0 0 0 0 0 0
62 8 0 0 0 0 0 0 0 0
67 1 0 0 0 0 0 0 0 0
fn=time
43 2 0 0 0 0 0 0 0 0
44 2 2 1 0 0 0 0 0 0
45 26 2 1 8 2 1 0 0 0
48 24 0 0 0 0 0 0 0 0
49 16 0 0 0 0 0 0 0 0
62 16 0 0 0 0 0 0 0 0
67 2 0 0 0 0 0 0 0 0
fl=/build/eglibc-oGUzwX/eglibc-2.19/time/../sysdeps/unix/sysv/linux/clock.c
fn=clock
29 1 1 1 0 0 0 0 0 0
35 5 0 0 0 0 0 1 0 0
38 3 0 0 1 0 0 0 0 0
39 7 1 1 1 0 0 0 0 0
40 2 0 0 1 0 0 0 0 0
fl=/build/eglibc-oGUzwX/eglibc-2.19/time/../sysdeps/unix/sysv/linux/x86_64/gettimeofday.c
fn=gettimeofday
30 1 0 0 0 0 0 0 0 0
31 7 2 2 0 0 0 4 0 0
34 3 1 1 0 0 0 1 0 0
35 3 0 0 0 0 0 0 0 0
36 3 0 0 1 0 0 0 0 0
fl=/build/eglibc-oGUzwX/eglibc-2.19/time/../sysdeps/unix/sysv/linux/x86_64/time.c
fn=time
36 2 0 0 0 0 0 0 0 0
37 14 2 1 0 0 0 8 0 0
40 12 0 0 0 0 0 2 0 0
41 6 0 0 2 0 0 0 0 0
fl=/build/eglibc-oGUzwX/eglibc-2.19/wcsmbs/./wcsmbsload.h
fn=btowc
71 384 1 1 128 1 0 0 0 0
73 384 1 1 0 0 0 0 0 0
74 256 0 0 0 0 0 0 0 0
fl=/build/eglibc-oGUzwX/eglibc-2.19/wcsmbs/btowc.c
fn=btowc
34 1280 2 2 0 0 0 768 0 0
39 1280 0 0 0 0 0 0 0 0
40 256 0 0 0 0 0 0 0 0
44 768 0 0 0 0 0 0 0 0
48 384 0 0 384 1 0 0 0 0
49 256 0 0 256 1 0 0 0 0
51 256 0 0 128 1 0 0 0 0
52 256 0 0 0 0 0 0 0 0
56 256 0 0 128 1 0 0 0 0
59 768 1 1 128 0 0 256 0 0
101 1280 0 0 1024 0 0 0 0 0
fl=/build/eglibc-oGUzwX/eglibc-2.19/wcsmbs/wctob.c
fn=wctob
32 896 1 1 0 0 0 640 0 0
41 256 0 0 0 0 0 0 0 0
46 256 0 0 0 0 0 0 0 0
47 128 0 0 0 0 0 0 0 0
84 896 0 0 768 0 0 0 0 0
fl=/build/eglibc-oGUzwX/eglibc-2.19/wctype/wctype_l.c
fn=wctype_l
27 81 1 1 0 0 0 54 0 0
30 18 0 0 0 0 0 9 0 0
33 27 0 0 18 1 0 0 0 0
34 49 0 0 0 0 0 0 0 0
36 147 1 1 0 0 0 49 0 0
38 344 0 0 0 0 0 41 0 0
41 40 0 0 0 0 0 0 0 0
42 80 0 0 40 0 0 0 0 0
46 9 0 0 9 1 0 0 0 0
47 9 0 0 9 2 0 0 0 0
48 72 1 1 63 0 0 0 0 0
fl=???
fn=???
0 100001996 130 124 100001225 99 8 327 13 11
fn=_GLOBAL__sub_I__Z7print_aRPli
0 7 1 1 2 0 0 2 0 0
fn=__atan2_finite
0 9 0 0 2 0 0 1 0 0
fn=__cpu_indicator_init
0 89 7 7 19 2 1 13 0 0
fn=__cxa_guard_acquire
0 29 2 2 9 1 0 6 0 0
fn=__cxa_guard_release
0 7 1 1 4 0 0 0 0 0
fn=__cxxabiv1::__si_class_type_info::__do_dyncast(long, __cxxabiv1::__class_type_info::__sub_kind, __cxxabiv1::__class_type_info const*, void const*, __cxxabiv1::__class_type_info const*, void const*, __cxxabiv1::__class_type_info::__dyncast_result&) const
0 1400 3 3 440 0 0 360 0 0
fn=__cxxabiv1::__vmi_class_type_info::__do_dyncast(long, __cxxabiv1::__class_type_info::__sub_kind, __cxxabiv1::__class_type_info const*, void const*, __cxxabiv1::__class_type_info const*, void const*, __cxxabiv1::__class_type_info::__dyncast_result&) const
0 464 5 5 176 2 1 128 0 0
fn=__dynamic_cast
0 2160 3 3 672 15 0 576 0 0
fn=__libc_csu_init
0 41 2 2 9 2 1 9 0 0
fn=__log_finite
0 9 1 1 2 0 0 1 0 0
fn=__static_initialization_and_destruction_0(int, int)
0 17 1 1 4 0 0 5 0 0
fn=_dl_debug_initialize
0 8 1 1 7 0 0 0 0 0
fn=bool std::has_facet<std::ctype<char> >(std::locale const&)
0 84 2 2 36 1 0 12 0 0
fn=bool std::has_facet<std::ctype<wchar_t> >(std::locale const&)
0 84 2 2 36 0 0 12 0 0
fn=bool std::has_facet<std::num_get<char, std::istreambuf_iterator<char, std::char_traits<char> > > >(std::locale const&)
0 84 1 1 36 0 0 12 0 0
fn=bool std::has_facet<std::num_get<wchar_t, std::istreambuf_iterator<wchar_t, std::char_traits<wchar_t> > > >(std::locale const&)
0 84 1 1 36 0 0 12 0 0
fn=bool std::has_facet<std::num_put<char, std::ostreambuf_iterator<char, std::char_traits<char> > > >(std::locale const&)
0 84 2 2 36 1 0 12 0 0
fn=bool std::has_facet<std::num_put<wchar_t, std::ostreambuf_iterator<wchar_t, std::char_traits<wchar_t> > > >(std::locale const&)
0 84 2 2 36 0 0 12 0 0
fn=c_time::c_time()
0 5 1 1 2 0 0 2 0 0
fn=c_time::init()
0 9 0 0 3 0 0 4 0 0
fn=long* std::__unguarded_partition<long*, long>(long*, long*, long const&)
0 3373324335 2 2 2138670879 34459537 21540418 72693948 0 0
fn=long* std::__unguarded_partition_pivot<long*>(long*, long*)
0 35430141 2 2 12147475 4873 50 6073739 0 0
fn=main
0 1600000039 4 4 600000006 0 0 200000012 12500001 12500000
fn=memcpy@GLIBC_2.2.5
0 12 1 1 4 0 0 0 0 0
fn=operator new(unsigned long)
0 15 2 2 3 1 0 3 0 0
fn=operator new[](unsigned long)
0 4 1 1 1 0 0 1 0 0
fn=sin
0 9 1 1 2 0 0 1 0 0
fn=std::__lg(long)
0 13 0 0 3 0 0 2 0 0
fn=std::__timepunct<char>::_M_initialize_timepunct(__locale_struct*)
0 107 12 12 6 0 0 52 0 0
fn=std::__timepunct<char>::__timepunct(std::__timepunct_cache<char>*, unsigned long)
0 22 2 2 4 0 0 9 1 1
fn=std::__timepunct<wchar_t>::_M_initialize_timepunct(__locale_struct*)
0 105 13 13 5 0 0 51 0 0
fn=std::__timepunct<wchar_t>::__timepunct(std::__timepunct_cache<wchar_t>*, unsigned long)
0 22 2 2 4 0 0 9 0 0
fn=std::basic_ios<char, std::char_traits<char> >::_M_cache_locale(std::locale const&)
0 120 3 3 12 0 0 44 0 0
fn=std::basic_ios<char, std::char_traits<char> >::init(std::basic_streambuf<char, std::char_traits<char> >*)
0 88 3 3 12 0 0 40 0 0
fn=std::basic_ios<wchar_t, std::char_traits<wchar_t> >::_M_cache_locale(std::locale const&)
0 120 2 2 12 0 0 44 0 0
fn=std::basic_ios<wchar_t, std::char_traits<wchar_t> >::init(std::basic_streambuf<wchar_t, std::char_traits<wchar_t> >*)
0 88 2 2 12 0 0 40 0 0
fn=std::codecvt<char, char, __mbstate_t>::codecvt(unsigned long)
0 17 2 2 4 0 0 6 2 2
fn=std::codecvt<wchar_t, char, __mbstate_t>::codecvt(unsigned long)
0 17 2 2 4 0 0 6 1 1
fn=std::ctype<char> const& std::use_facet<std::ctype<char> >(std::locale const&)
0 76 2 2 36 0 0 12 0 0
fn=std::ctype<char>::ctype(unsigned short const*, bool, unsigned long)
0 161 8 8 8 2 0 83 9 9
fn=std::ctype<wchar_t> const& std::use_facet<std::ctype<wchar_t> >(std::locale const&)
0 76 2 2 36 0 0 12 0 0
fn=std::ctype<wchar_t>::_M_convert_to_wmask(unsigned short) const
0 129 5 5 12 0 0 0 0 0
fn=std::ctype<wchar_t>::_M_initialize_ctype()
0 2757 4 4 5 0 0 810 20 20
fn=std::ctype<wchar_t>::ctype(unsigned long)
0 19 2 2 3 0 0 7 1 1
fn=std::error_category::error_category()
0 12 1 1 6 1 0 3 0 0
fn=std::future_category()
0 21 3 3 2 1 1 6 0 0
fn=std::ios_base::Init::Init()
0 267 31 31 43 13 1 167 17 13
fn=std::ios_base::_M_init()
0 144 2 2 24 0 0 64 0 0
fn=std::ios_base::ios_base()
0 472 3 3 8 0 0 216 31 27
fn=std::locale::_Impl::_Impl(unsigned long)
0 819 66 66 132 17 1 406 43 43
fn=std::locale::_Impl::_M_install_facet(std::locale::id const*, std::locale::facet const*)
0 7420 6 6 2744 0 0 224 0 0
fn=std::locale::facet::_S_create_c_locale(__locale_struct*&, char const*, __locale_struct*)
0 9 1 1 2 0 0 3 0 0
fn=std::locale::facet::_S_get_c_locale()
0 100 1 1 40 0 0 20 0 0
fn=std::locale::facet::_S_get_c_name()
0 10 1 1 5 0 0 0 0 0
fn=std::locale::id::_M_id() const
0 644 1 1 252 6 4 28 0 0
fn=std::locale::locale()
0 418 2 2 198 1 0 132 0 0
fn=std::locale::operator=(std::locale const&)
0 120 2 2 80 0 0 16 0 0
fn=std::locale::~locale()
0 80 2 2 48 0 0 8 0 0
fn=std::messages<char>::messages(unsigned long)
0 19 2 2 4 0 0 8 1 1
fn=std::messages<wchar_t>::messages(unsigned long)
0 19 2 2 4 0 0 8 0 0
fn=std::moneypunct<char, false>::_M_initialize_moneypunct(__locale_struct*, char const*)
0 112 6 6 37 1 1 31 0 0
fn=std::moneypunct<char, true>::_M_initialize_moneypunct(__locale_struct*, char const*)
0 112 6 6 37 0 0 31 0 0
fn=std::moneypunct<wchar_t, false>::_M_initialize_moneypunct(__locale_struct*, char const*)
0 108 6 6 29 0 0 32 0 0
fn=std::moneypunct<wchar_t, true>::_M_initialize_moneypunct(__locale_struct*, char const*)
0 108 6 6 29 0 0 32 0 0
fn=std::num_get<char, std::istreambuf_iterator<char, std::char_traits<char> > > const& std::use_facet<std::num_get<char, std::istreambuf_iterator<char, std::char_traits<char> > > >(std::locale const&)
0 76 1 1 36 0 0 12 0 0
fn=std::num_get<wchar_t, std::istreambuf_iterator<wchar_t, std::char_traits<wchar_t> > > const& std::use_facet<std::num_get<wchar_t, std::istreambuf_iterator<wchar_t, std::char_traits<wchar_t> > > >(std::locale const&)
0 76 1 1 36 0 0 12 0 0
fn=std::num_put<char, std::ostreambuf_iterator<char, std::char_traits<char> > > const& std::use_facet<std::num_put<char, std::ostreambuf_iterator<char, std::char_traits<char> > > >(std::locale const&)
0 76 2 2 36 0 0 12 0 0
fn=std::num_put<wchar_t, std::ostreambuf_iterator<wchar_t, std::char_traits<wchar_t> > > const& std::use_facet<std::num_put<wchar_t, std::ostreambuf_iterator<wchar_t, std::char_traits<wchar_t> > > >(std::locale const&)
0 76 2 2 36 0 0 12 0 0
fn=std::numpunct<char>::_M_initialize_numpunct(__locale_struct*)
0 413 6 6 136 3 1 75 0 0
fn=std::numpunct<wchar_t>::_M_initialize_numpunct(__locale_struct*)
0 349 7 7 73 0 0 75 3 3
fn=std::remove_reference<long&>::type&& std::move<long&>(long&)
0 1253827464 1 1 626913732 0 0 417942488 0 0
fn=void std::__introsort_loop<long*, long>(long*, long*, long)
0 38466893 2 2 14171997 2259 8 8098306 0 0
fn=void std::__move_median_to_first<long*>(long*, long*, long*, long*)
0 31126415 4 4 14857734 13151 62 6073740 0 0
fn=void std::iter_swap<long*, long*>(long*, long*)
0 835884982 2 2 278628326 0 0 278628328 0 0
fn=void std::sort<long*>(long*, long*)
0 21 3 3 6 0 0 5 0 0
fn=void std::swap<long>(long&, long&)
0 1671769952 2 2 626913730 256 3 626913733 26152 224
summary: 13638058765 1291 1279 5912660127 34490345 21546805 2216554583 12527899 12501566
